   -0.534766     0.099598    -0.886676    -1.244552    -3.492762     1.440821    -0.289144     0.144368     1.710740
   -0.321675     0.077769    -1.003361    -2.316543    -1.284838    -3.432803    -1.837629    -2.101177    -2.486115
    0.595625    -0.985841    -0.640174    -0.375060     1.769200    -0.406510     1.460476     1.335013     0.738211
   -2.149012    -1.141273     0.029424     1.629417    -1.178886    -0.311257    -0.120767     0.717698    -0.771332
   -0.874748    -0.158742    -2.118183    -0.444484    -1.516415    -0.742768     1.750288     0.306678     0.762240
   -0.170426     1.865791     1.182250     1.225424     3.225642    -1.414908     2.619477     3.251544     1.239675
    0.142558    -0.108629    -1.882843     0.425272    -1.401086    -0.437918     1.704743     0.459242    -0.331184
    1.326951     1.740599     2.050914    -1.812414    -2.640885    -0.456717    -2.244370    -1.289294    -1.976369
    0.725769     0.249908     1.758230    -1.846422    -1.428803    -0.198732     1.571746     0.524908     1.478614
   -2.484852     1.415760    -0.130734     0.730438     0.414861    -1.184338    -1.021834    -0.020353     0.404166
   -1.953890    -1.277229    -0.191345     1.348492     0.286737     2.408666     0.439951    -1.234341    -0.205391
    0.060078     1.498003     1.213256     2.570260     1.283562     1.619845     2.366057     2.878985     2.048735
   -1.057515     0.069129    -1.591978    -0.875448    -0.586846    -1.656589     1.117414    -0.265738    -1.600190
    0.619212     1.632023     2.275743    -0.464277    -0.763170     1.050469     0.421509     2.218292     1.867871
    1.471382    -0.351209     0.936601    -1.061695    -0.741795     1.926844     0.213684     1.019482    -0.190208
    1.974685    -0.430184     2.546407    -1.512265    -1.609376    -0.796253    -0.375060     0.202108     1.853938
   -2.410905     0.090828    -0.946798    -0.073403    -1.774743     0.467981    -1.136903    -2.007181    -0.880153
   -1.525048    -1.065423    -2.833151    -1.232485     1.215716     0.141812    -2.964858    -0.605335    -1.029809
    0.760091     0.688877     0.866651    -0.236439    -0.716398     0.469045    -2.172199    -1.746664    -1.987304
   -2.189964    -1.580517    -2.246858    -1.053175     0.471250    -0.410769    -1.684386     0.784448     1.405834
   -2.541679    -0.110820    -2.351328     1.152574    -1.284925     0.460071     0.062515     1.000144    -0.497952
   -0.870947     0.058819    -0.477642     1.194599     1.607417    -2.142528     0.121481     0.390328     1.086646
   -0.281234     2.051058     1.262854    -0.836686    -0.722267    -0.174926    -0.680072     1.443229     0.758119
    0.701753    -0.140058    -0.249469     0.390068    -0.286452     1.399991     0.702192    -0.614271    -0.157526
   -2.072475     0.035643    -1.313668    -1.309242    -1.777579    -2.188333    -1.123122    -0.375103    -0.637676
   -1.967195    -0.955803    -1.797808    -0.709902     1.457572     0.000423     0.378154     1.533943     0.206114
   -5.009592    -0.871806    -1.909566     0.273257     1.152347     1.347253     0.077524     0.491762    -1.670886
   -0.550605    -0.960206    -1.330607    -1.839532    -0.402350    -1.207125    -1.927317    -2.197565    -1.996826
    1.350237     0.962020     1.692262    -1.895216    -0.486972    -0.627555    -0.791262     0.746892    -1.409786
   -1.518191    -0.567848    -0.985645     1.208400     1.370983     1.111726     0.922763     0.670517    -0.660880
    0.897206     1.506131     0.926172     1.049660    -0.495240    -0.956886     1.964632     0.958468     2.219499
    1.064726     0.138785     0.855590    -1.312414    -0.501861    -0.650946     0.755540    -1.055380     0.127279
   -0.376403    -0.141409    -1.496027    -0.728809    -1.014940    -0.958096    -1.684528    -1.175630    -0.832305
    0.556597     0.975631     0.353998    -1.073043    -0.426032    -0.208412     0.004867    -1.036079    -1.998406
   -0.094774     0.152039    -2.164158     2.132502     2.159651    -0.490590     0.566000    -1.217755    -0.424036
    0.556500     0.053327     0.121354    -0.828842     0.248250    -0.118057    -1.860945    -0.120403    -1.267913
    1.177618     0.174520     1.166228    -0.098329     0.270520     1.709082    -1.226835     2.234126     0.678819
    0.759882     1.078749     1.754670    -1.107818     1.069326     0.758947     1.096799     2.044598    -1.029452
   -1.951216    -1.472990    -1.899171     1.148137     0.630031     1.113398    -0.255906    -0.957796    -0.935024
    0.237799     2.756084     0.532847     2.124375    -0.650159     0.614969     1.008934     1.092923     1.332363
    2.325799     0.167457     1.771253    -0.225469    -0.598666     1.220610     0.680988     0.381909     1.039394
   -0.650749    -3.188595    -1.542057     1.034622     1.071678     0.503525    -0.487381    -0.662662     0.393769
    1.157907    -2.331675    -0.357161     1.980627     0.330893     0.584296     1.648530     1.211847     0.775793
   -3.037539    -1.736752    -1.980466    -1.007537    -1.793401    -3.021783    -1.944823    -1.133867    -3.341486
   -1.478381     0.628662     0.345465     0.272734    -0.180776    -1.362576    -0.348466    -1.450489    -0.615953
   -0.577746     0.133806     0.283356    -0.996201    -1.146985    -2.947021    -0.573898    -0.686040    -2.214061
    0.033916     1.141299    -1.410955    -2.571823    -0.093756    -1.233363    -3.513939    -2.453037    -2.379080
   -0.130507     1.178116     1.186243     1.780610     1.490918     2.996218     3.907909     0.726588     1.470221
    0.562623     0.722435    -0.779563    -0.597832    -0.291266     0.021988    -0.459579    -0.832664    -1.210986
   -2.290867    -2.279043    -1.432228    -1.442402    -1.787211    -1.482524    -2.427851    -2.200555    -0.943429
    0.569547     1.148465     0.065757     2.384431     1.130637    -0.609451     1.217175     0.738519     0.455731
   -0.016639    -0.345017    -0.617537     2.207206    -0.210987    -0.105869     0.689163    -0.197096    -1.850791
    1.214021    -2.995317     1.643876     1.641912     1.157256     1.944427     2.012025     2.015389    -0.932932
   -0.393120    -1.008677     1.026936     0.326484    -1.511849    -0.999331     0.580507     1.616975     0.466383
   -2.232612    -0.518454    -0.710232     2.002302     0.715397     1.564493    -0.085783     1.094083     1.709716
   -0.395139    -0.990203     0.807010    -0.362192    -0.161674    -0.189622    -0.624300    -1.547219     0.256278
    0.549389     0.135563    -0.494461    -0.199149     0.852717     0.354328     2.468953     2.491851     3.213688
    1.423125    -0.566000     0.153469    -0.506709    -2.828886     0.160022    -1.141193     0.634502    -1.296172
    1.069494     0.983330     1.421464    -0.458229     0.279364     0.635524    -0.419967     0.130245    -0.544181
    0.185146    -0.327816     0.008421     2.354746     1.331614     1.569270    -0.753302    -0.480172    -0.261252
   -0.982634     1.554751     1.415169    -0.693255    -0.003488    -1.311471     0.000617     0.588136    -0.502103
    0.633278    -0.072722    -0.305943    -2.700123    -1.129107    -0.408698     0.294987    -1.607120    -0.943789
    1.361400    -0.103680    -0.212207    -2.912853    -0.503203    -2.180726    -1.093524     0.299232    -1.112118
   -0.399057    -0.881860    -1.392545    -1.131096     1.264203     1.758956     0.156328     1.579677     0.029475
    3.131394     2.199003     3.568841     1.268375     1.300677     0.455097     1.732881     1.508662     3.569564
   -1.089238     0.357425    -1.093765     2.964318     1.005434     1.773302     0.156054     0.377346    -0.161648
    1.034964    -0.636408     0.175175     0.107126     1.759025     2.427215    -0.158696     0.640479    -0.139568
   -1.402808    -1.460148    -1.075180    -0.731535     0.363643    -1.332909     0.324509    -2.863797    -0.858124
    1.235482     2.874354     1.433121    -1.852871     0.086194    -0.572568    -1.465781    -0.239328    -1.876619
    0.672510     1.403101     1.371560     0.580666     0.213329     0.646804     4.302483     1.623500     1.074659
   -1.802608     0.504340     0.870536    -1.436613     0.191018    -0.417527    -0.159809     1.329135     0.360465
    0.858855     0.711615     0.494753     1.728127     2.138347     1.868774     2.333624     2.464504     3.445354
   -3.457215    -1.820808     0.711932     2.393917     0.347808     4.107089     0.175887    -0.053228    -0.024699
    1.232652     2.129491     1.109857     1.099236     2.452195     1.981425     1.541261     2.041859     3.758265
    1.795553     1.698526     0.022269    -2.675825    -1.190607    -0.802344    -1.431069    -1.749678    -1.394121
    0.172999     0.608699    -0.240971    -1.487975    -1.632857     0.513895    -2.254925    -0.287423    -2.597815
   -0.303532    -2.414476    -1.324778     2.141013    -0.341230     1.925172     0.232552     0.245417    -1.073070
    0.301409     1.771340     0.117464    -0.430165    -1.727496    -0.902906    -0.471038     0.244595     0.832277
    0.608408     3.417330     0.946821     2.592909     0.526409    -0.381605     1.467729     2.194666     1.782208
   -0.107158     0.075815    -1.687045    -1.643348     0.865655     1.543354     0.768281    -0.128918    -0.265130
   -1.483996     0.238368     0.159515     0.087527    -0.494771    -0.576589     0.401982     0.009986     1.829968
    1.488987     0.029201    -0.791570    -0.024473     1.116463     0.409564     3.092237     0.533408     1.211507
   -1.034924     0.628029    -0.584346     0.199408    -0.091841     0.464842     1.171382     0.810888    -0.575645
    2.135475     3.087167     2.358806    -1.367375    -2.670082    -2.384714    -0.951286     0.863851    -0.014022
    1.408718     0.191560     0.181015    -0.424992    -0.560010    -1.468538    -0.958587    -1.434610     0.142231
    3.457814     3.065469     4.213322     1.139941     1.673657    -0.080152     5.606293     5.192999     3.068452
    1.660165     0.294921    -0.621721     0.781094    -0.664262    -0.350128    -0.456587    -0.232973     0.050786
   -1.117629    -1.310480    -1.329189    -0.198863     0.249620     1.054796     0.359899     0.296511     1.867221
   -0.505534     0.813388    -0.154108     1.759613     2.374793     2.594220     2.971943     1.565709     1.668699
   -0.154569    -1.610821    -0.030182    -1.474515    -1.214155     1.153433    -0.944270    -1.000110    -0.270586
   -1.438493     0.086755    -0.002987    -3.464633    -0.171714     0.082818    -1.490913    -1.384910    -1.364673
   -1.293581     1.214989    -1.088659     0.058519     2.686437     0.569485     0.237575     0.021917    -0.741990
   -0.340819    -1.629921     1.047267    -0.779783     1.379074    -0.420597    -1.732746    -2.536935    -1.992253
   -0.152335     0.552230     2.581157     2.106161     0.248811     3.127357     1.832582     3.117671     2.421712
    0.557122    -2.616443    -0.801664     0.586563     0.592269     0.211074     1.903074    -0.570632    -0.058459
   -0.189694    -1.157173    -1.247746    -0.950756    -1.182103     0.649650    -0.007192    -0.411913     0.784723
   -0.910953    -3.786989    -1.411767    -0.070262     0.055713     0.555317     0.603457     0.252963    -0.773978
    0.186886    -0.084091     0.105495    -1.129315    -1.565561     1.872190     1.244167     0.575603     1.544806
   -1.367714     0.208304    -1.930729    -0.400160    -0.303548    -0.361476     0.295142     1.310690    -1.372646
   -2.082508    -0.953656    -2.888266     0.202647     0.492320     0.399008    -0.789800     0.140596    -2.266712
   -1.953265    -1.163977    -1.138503     0.681772    -0.349230     0.139303     0.485911     0.016390    -0.263866
   -0.191233    -1.996906    -0.228001    -0.817344     0.711273    -0.896565    -2.529938    -1.024575    -1.640578
    1.621911     0.711862    -0.528174    -0.806994    -0.143505     2.886102    -1.503477     1.429310     0.772853
   -0.821841    -2.833174    -0.503607    -1.318599    -1.328839    -0.129833    -0.233454     0.534755     1.506587
   -0.697309    -0.987316    -2.292967    -1.632779    -3.016874    -0.959614    -1.990482    -1.715795    -1.569620
   -0.407144    -0.496123    -0.129955     0.182713     0.376841     0.051679     0.317550    -2.103153    -0.274098
   -1.670693    -1.438619     0.117033     0.931033     0.500965     0.481447    -0.314625     1.273449    -0.741863
   -0.670214    -0.822205    -1.271572     1.161058     0.267511     0.152188     1.005329    -1.002020    -0.240453
    0.588484    -0.750642    -1.765071    -1.404454    -0.471768    -1.566750    -0.628590    -1.751109    -0.508825
   -1.107800    -0.895798    -0.731605    -0.677198    -0.287662    -1.465643    -0.446725    -1.530217    -2.269266
    2.701727    -0.876915     0.015042     0.655506    -0.506821     0.756037     0.036276    -0.031916     0.044175
    1.749433    -0.142290     2.091245    -1.114435     0.496921     1.354738     1.009973     1.050389     0.667254
   -1.444422    -3.493660    -0.141309     0.717017    -1.937383    -0.468694     0.689635    -0.340502     1.240300
   -2.395939     0.664960     0.542825    -0.176757     1.015244     1.226442     0.863844     1.581978     3.118213
   -0.583643    -0.688736    -1.456501     0.257055     1.047846     2.886218     1.514217     0.798459     2.906985
   -1.273021     1.350796     0.730409     3.383778     0.422978     0.324461     1.863613     1.935055     1.717330
   -1.777525    -1.824662    -2.755004    -0.310634     1.209816    -1.258590    -2.483105     0.362886    -0.594246
   -0.382844     1.197303     0.186757    -1.661436     0.301476    -1.106960    -0.246255     2.354083     2.422747
   -0.070837    -1.122270     0.459813    -0.160718    -0.206727    -0.087802     2.543137    -1.086577     0.501054
   -0.530929    -1.866260    -0.300724     1.663771    -0.367276     0.924627    -1.771314    -0.765945     0.138624
    3.112277     2.626351     3.348231    -4.546133    -1.755526     0.041209    -4.996730    -4.079855    -4.791555
    0.291787    -0.877252     0.728354    -0.208123     0.277611     1.664677    -0.156731     0.688750     0.526950
    1.461462     0.815952     1.791156    -0.734157    -1.709169    -1.285704    -0.802648    -1.700069    -0.144294
    3.286370     2.174829    -0.391960     1.131642     1.089678     0.994629     1.506126     2.073754     1.702819
   -2.231878    -0.831490    -1.440509    -0.595740     2.528266     1.501217     1.083382     1.745421    -0.094615
   -0.015430     0.902730    -1.089559     1.070817    -0.326222    -0.397699    -0.364593    -1.040860     0.535239
   -1.834500    -1.562421    -0.336267     0.429168    -2.233726     0.010374    -1.497509    -1.191526    -1.070201
   -1.947586     0.185603     0.024098     0.553319     1.863303     0.332956    -0.321992    -0.098308    -0.558933
    1.863926     1.799399     0.946694     0.033130    -0.237314     0.046098     0.658397     0.037586     1.411256
    0.300375     3.433877     2.163004     0.339698     0.941514     0.928688     0.311563     0.130354    -0.419604
    0.429991     0.680772     1.381440     1.625776    -0.613798    -0.148287    -1.651949     1.022337    -1.534007
    0.905915     1.895097     2.166197    -1.569901     0.925326    -1.332766    -1.322014    -2.709266    -1.841275
   -0.240267     3.371678    -0.011168    -0.526281     0.728609    -1.452776     1.043303     0.433366     1.398746
    0.132884     2.661281     1.745467    -0.704106    -1.400457     0.047070    -2.945234    -0.872907    -1.058889
   -2.311522    -1.144449    -2.397760     1.607237    -0.300860    -0.874631    -0.865083    -0.997706    -0.571381
    0.218899     0.436205     1.109693     2.252560     1.120140     1.902357     2.135504    -0.627686     1.456484
   -1.208919    -2.901459    -2.255407     1.857584     0.410143     0.561397     0.182186     0.836265     0.703429
    1.635124     1.327391     1.081887    -0.329901     0.007609     1.953024    -0.232513     2.098620     1.690347
    0.545003    -0.710496    -0.454370     2.319156     1.543698    -0.210385    -1.587228    -1.049727    -1.274510
   -1.805232    -0.855259     0.277090    -0.247488    -1.120495    -2.837160    -0.219205    -2.910636     0.145145
    0.240827    -1.418951    -1.880240    -3.039432    -1.186368    -0.431331    -1.872543    -2.639960    -2.380018
    1.171244     1.211603    -0.326237    -0.801555    -0.136249    -1.753535     2.460096     0.991657    -0.164094
   -0.964202     0.781432    -0.179668    -1.280897     0.945321     1.342828    -0.664303     1.181117     0.554029
   -1.567767    -0.060297    -0.557145     2.362267     1.462638     1.236061     0.770791    -0.896691     1.864372
   -1.860366    -2.383304    -2.274177     0.743927     1.483562    -0.903272    -2.018581    -0.813402    -2.113037
   -0.703120    -0.307896    -1.623134    -0.718150    -0.916665    -0.217437     1.498111     1.903926     0.637514
    2.152316     2.244358     1.575732    -0.183683     1.688362     0.139814    -0.536077    -0.714788    -2.193113
    0.810068    -0.231314    -0.852423    -0.590989     0.972177    -0.263490    -0.563530    -0.766287     0.421788
    0.545434     1.579000     1.749413     1.415518     1.060326     0.429450    -0.481595     1.831449     1.349989
   -0.511259     0.380726    -1.297656    -0.068528     0.105393     1.200513    -1.128127     1.053880     0.936036
    0.361912    -0.074006     0.756354     0.803301    -1.637759     1.219572    -0.651660     1.641469     1.814555
    1.018620    -0.110294    -0.564187     0.218248     1.712498     0.218602     1.738455    -0.415936     0.609047
    0.054728    -0.292897     1.798991    -0.471272    -0.674651    -0.434651     0.631173     0.839973     0.579007
    1.930583     0.507877     0.445477     1.460021    -1.256035    -0.591175     0.458240    -0.055641    -0.697174
   -0.893092     1.077495    -0.360197    -3.192552    -1.100413    -0.939466    -0.182924    -0.091482    -1.205197
    0.852808     1.154184     0.826956    -0.538881     1.934548    -0.249424     0.132918     0.858548     1.316579
    0.979194     1.707597     0.548851     1.042247     0.668681     2.426364     2.122526     0.342634     2.024391
   -0.483252    -0.462640    -0.097482     0.564549     2.409561     0.711350     0.920100     0.595597     0.488968
   -0.301916     0.490937     0.387775    -1.402254    -0.632966     1.131172    -1.179760    -1.798172     0.529615
   -1.202896    -3.048616    -1.430225     0.644738     0.421104     0.246785    -0.510590     0.009999    -0.959550
   -0.506546    -2.584985     0.417603     1.812345     1.082420    -1.063573    -2.816550    -1.732785     0.569248
    0.299790     0.948230     0.263152     1.424570     2.176970     1.432254     1.258491    -0.416240     0.597814
   -1.036659    -2.593278    -1.455282    -0.747638    -0.168397     0.695324    -1.133787    -1.231890    -0.072789
    0.789258    -1.567172     0.659561     0.380993     0.534650    -0.381087    -1.942755    -1.507241    -1.749813
    1.488559     2.158203     1.683309     1.169895    -2.209873     0.061500     0.252473     1.469797    -0.034309
    1.980882     2.575895     1.999052    -2.114818    -0.342254     0.284355    -0.497710    -2.003790    -0.859239
   -1.759495     1.152759    -0.036831    -0.372085    -0.274504    -2.369921    -1.413291     0.303483     0.171398
    4.007146     2.459600     4.860459    -0.613967    -0.724915     0.188266     1.800655     1.291867     0.326093
   -0.685056     1.137675     0.259889    -1.824430    -1.319235    -3.202916    -3.838233    -1.920571    -1.158043
    0.099772     0.226982     0.678537     0.428178     0.501492    -0.150125     0.231820    -0.788492    -1.060088
   -0.751956    -1.457199    -0.959801    -2.457595    -2.033451    -1.835908    -1.613745    -0.885874    -1.096436
    0.186085     0.003683    -0.462833     0.247630     0.812235    -1.351292    -1.512799    -2.213406    -1.122447
    0.116057     0.767758     2.012599    -0.545520     0.161237     0.954273     0.935847     0.029420     0.482745
   -2.634765    -2.758258    -0.639520     0.610627    -0.030398    -0.194289    -0.320335     0.354717    -0.190668
    1.069715     1.908236     2.373324     0.444062     0.659460     1.310265     1.067723     0.483133     1.137600
   -1.374399    -0.851547    -0.524620    -0.472267     0.385019     1.622807    -1.241715    -0.764618    -0.951678
    0.551972    -0.882594     1.299477     1.068179     1.064353     0.513534     1.315120     0.578330     0.845391
   -0.171132    -1.070145    -1.006541     0.154029     0.293689    -0.781864    -1.735925    -0.522112    -1.406867
   -1.281380    -1.754475     0.451657    -2.711514    -0.372070    -1.041857    -2.033244    -1.472305    -0.929139
    2.633281     0.978249     1.559638    -0.450674     1.872767    -0.066290     2.635620     2.448483     1.960783
    0.498477    -0.796888     1.169711     1.135059    -0.213825    -0.018643     0.813082     0.781807    -0.244186
   -0.653920    -0.432863    -2.691061    -1.034365     0.308294     1.848191    -1.119533    -2.572711     0.190735
    0.720753     0.881506     1.518826     0.229895    -0.822141    -0.637852    -0.372813    -0.138374    -0.920433
   -0.706757     0.483500    -2.024590    -0.782275    -0.188982    -1.861455    -0.648499    -0.645165    -2.970410
   -1.983447    -0.374051    -0.866092     1.578121    -0.680734     0.348833    -0.239655    -0.000591     1.020611
   -2.118478     1.576399     0.009464    -2.574774    -2.513977    -0.357803    -3.165700    -0.309666    -3.869535
   -0.304702     0.347038     1.665829     1.407190     1.252156     1.323339     2.318330    -0.087995    -0.522345
   -0.750352    -0.700158    -1.661090    -0.922634    -2.039464     0.910742     0.105056    -2.112785    -3.033338
   -0.556136    -0.606733    -1.045427     2.033473     1.683279     3.102441     0.835225     0.277929     0.109422
   -0.745469    -0.617353     1.644538     0.067882     1.708609    -0.680887     0.724880    -0.627584    -1.124943
    1.096610     2.278936     1.676683    -0.432750    -0.165207     0.224484     1.488491    -0.896376    -0.706545
    0.729450     0.188842    -1.848112    -1.852964    -1.664504     0.772278    -2.023085    -1.630870    -0.863601
   -0.029699    -0.864378     0.034447     0.056055     0.914967    -0.815608     1.649799     1.766882     2.076336
    2.016352     0.348828     0.323956    -0.173802    -1.859700    -0.058561     1.135556    -0.884910    -0.272562
    0.041142    -3.051267    -1.191260     0.198669    -0.771809    -1.760749     1.020339     0.967115     1.386394
    0.037168     0.583878     0.703214    -0.914208    -0.925775    -1.149814    -0.525529    -0.196293    -0.783457
   -0.382736     1.818388     0.034823     2.359244     0.187097     0.214306     0.354542    -0.221391     0.533664
   -0.491366    -1.723161    -0.256560    -0.453574    -0.592070     1.338994     1.624273     0.120067    -0.004870
   -2.717385     0.328219    -0.989772     1.235796     0.302778     1.471793     1.153466    -0.873035     0.149466
   -1.569846    -0.597631    -1.379493     0.578520     1.651807     2.882604    -1.942200     0.379662     0.442868
    3.298829     2.645908     2.472933    -1.649801    -0.652155     1.703687    -0.119882     0.315909     2.002818
    1.631863     0.734632     0.694363    -0.266579     0.199685     1.242091     1.081256     1.473677     0.446020
   -1.820609     0.603103    -0.153214    -1.358011    -0.079791    -1.849478    -1.316304    -3.362016    -1.434933
    0.951349     0.573166    -1.470539     3.823854     0.956676     1.546386    -0.189820     2.384314     2.330484
   -0.166416    -1.123632    -0.856763    -1.393385    -2.082519    -0.233097    -0.722184    -2.076539     0.428042
    0.156724     0.092314     0.071716    -2.685066     0.366959    -0.629433     3.521262     2.666334     2.943262
   -1.622602    -1.649713     0.214254     0.651580    -1.168376     0.046155    -0.297471    -0.050847     0.903356
    0.309538     0.571027    -1.231348     1.556710    -1.153802     1.750156    -1.045369     1.071747     2.044796
    0.417207    -2.429562    -1.417443    -3.782878    -2.785154    -2.284863     0.075308    -1.557459    -1.409932
    0.813768    -1.834514    -1.370229     0.002381     0.095085     0.259238    -2.229047    -1.073222    -0.663012
   -0.824214     0.381238     1.659792    -1.066666    -0.125703    -0.586102    -1.754308    -2.708374    -0.968638
    1.598051     0.348024     1.001988    -0.627381    -1.588187     1.188616     1.654813     1.250653     0.794393
   -1.444977     1.181819    -1.495796     0.607339     0.393393    -1.894816    -0.755060     1.437310    -1.645789
    0.890099    -1.413174    -0.152047    -1.995308    -0.536598    -0.210720    -1.872387    -1.533989    -2.877379
   -0.489125    -1.956251    -2.320373    -1.351900    -0.852739    -2.172132    -3.299878    -2.157317    -0.505119
    0.204433     0.823281     0.423403    -1.087336     2.114216     1.454986    -1.141538     1.417143     1.745371
   -0.879908    -2.122105    -1.638730     1.243502    -1.449504    -0.960163    -1.924976    -1.290523    -1.631755
   -1.646021    -1.673094    -1.154904     0.541668    -0.062018    -0.901126    -0.759417    -2.701222    -1.300404
   -3.329733    -2.811575    -0.144786    -0.694917    -0.159167     0.489716    -2.162665    -2.547085    -3.189279
   -1.565139    -0.839829     0.534608    -1.816939    -0.602338    -0.686423    -3.411998    -1.088684    -2.429547
   -1.048909    -1.743371     1.161506    -1.940480    -1.490992    -1.617097    -3.359038    -1.880889    -2.118992
    2.141293     1.254274    -0.633184    -0.462772    -2.266484    -0.172188     2.660784    -0.773967    -1.676703
   -1.241459     0.786525    -0.153352    -1.118252    -1.352109    -0.920516     0.669323     0.422655    -2.315924
    0.634934    -0.424338     1.453273     0.516594     0.524991     1.088139     1.375614    -0.514149     2.460359
   -0.962757    -0.961539    -1.256320    -0.577498    -0.952332    -0.446339     0.991086     1.034855     1.670159
    4.016906     1.814183     2.045546     1.844442     2.101355     1.423512     3.037968     2.838171     4.150594
   -1.536140     2.774850     1.036029     0.561030    -0.617451     0.025294     1.194424     0.877278    -1.598948
    1.173046     3.340222     2.477467    -0.690581    -1.161465     0.143478    -0.354617    -0.729878    -1.497406
   -2.670525    -1.109255    -1.300617    -1.072918     1.514450     2.050766     1.261017     0.827623     0.122557
    0.452681     0.845557     0.415409     0.654931    -0.108577    -0.288956     0.209542     1.040163     0.691575
    1.460393     0.668048     2.174789    -2.851562    -3.446297     0.965217    -1.427093    -0.198146    -1.615135
   -1.735449     0.531417    -0.848316    -2.649956    -1.121089    -1.820439    -0.799525    -0.331285    -1.621279
    3.204742     2.201592     3.128704    -1.361739    -0.280445    -0.467539     3.081163     4.090338     0.815223
   -0.880286     0.433603    -1.244691    -0.157107     1.586554     0.186065     1.009727    -0.033528     0.846626
    1.171365     1.611167     2.705436    -0.041038    -0.064605     1.063533     3.053524     1.434267     0.792823
    0.266330    -1.775535    -4.236072     2.383433     0.522689     1.249601    -0.353144    -0.243194     0.122381
    1.366970     1.030019     2.224713     0.712162    -0.293200    -1.081639     1.386402     1.165746     0.512862
    2.122296     1.802080     0.964499    -0.076761    -0.054308    -1.243669    -1.542181     0.552410    -0.584540
    2.307733     2.337388     0.303287     1.613403     0.944836     1.632473     1.958636     2.346230     3.633490
   -3.016575    -3.182207    -2.513992    -0.291440     1.277034     0.264360     0.592995     0.016568     1.454298
    0.880351    -0.102659     0.853943    -0.829412    -0.532706     0.471689    -1.479356     0.596620    -1.248415
    1.120737     1.282406     2.051985     0.006256     0.040661     0.820233     0.014705     1.596687     0.679150
   -0.289146    -0.816247    -1.488007    -2.990802    -0.884365    -2.186026    -0.919286     1.140128    -2.621825
    1.247709     0.514311    -0.353208    -0.505376    -1.422450    -0.834990    -2.566927    -0.422370    -0.940539
   -1.947606     0.614209    -0.760937    -0.897599     0.587292    -0.139277    -1.933909    -1.079022    -1.498540
    0.144996     0.723731    -0.048675     0.714205     0.933260     0.520242     1.693800     3.560979     0.984336
    1.238899     1.459825     1.248708    -2.105047    -1.421943    -2.498178    -0.532778    -2.125598    -1.486140
    2.703378    -0.341433     1.185481    -2.388462    -1.770452    -1.001029    -1.137392    -0.848795    -2.156948
    1.354786     0.458342     1.515845     1.188587     1.417489    -1.556165     2.428253     3.553079     4.828826
   -0.559285    -1.693653    -2.694307     0.012130    -0.006290    -0.307344    -2.386372    -0.585011     0.333265
   -0.765380    -1.093179     1.357392     1.973811     1.751891     1.392125     0.712691     1.318510     0.349754
    0.683737    -0.237948     1.536098     0.174649     1.506082    -0.841512    -0.095889     0.500747     2.367548
    0.096518     0.870862    -0.605829     2.180449    -0.218211    -0.451544    -0.808094     1.422278     2.133035
   -0.137118     0.443997    -0.635442    -0.469524    -2.954066    -2.620638     0.116395     0.904164    -2.517106
   -0.706593    -0.229648    -0.955277     1.599770     2.353582     0.698582     0.697381     1.685579     1.341478
    0.531648     0.531038     1.917807    -0.776591    -1.130096    -1.014154    -1.375009     0.810117    -1.379195
    0.975181     3.766998     3.298908     0.810358     1.106962    -0.703629     1.132668     0.665900     0.883162
    0.111402    -0.096293     0.226304    -0.474483    -3.423529    -0.738853    -0.453255    -1.074350    -0.605867
    0.260714    -0.097580    -1.273283    -1.698655    -2.973181     0.389284     0.006333    -0.616125    -1.289165
   -0.667369     1.816250     1.385055     0.845779    -0.098759     0.686768     0.888077    -0.480055    -0.512299
   -1.020028    -2.458439     1.075268    -0.106935     0.208218    -0.307069    -1.809255    -1.536825    -0.337593
    0.230646    -3.024125    -1.280561    -1.403529    -1.414778    -1.028016     0.441115     0.507691     2.048832
    0.160042    -0.936891    -1.352356    -0.063666     0.297836     0.064535     1.725268    -0.615102     1.246682
    3.904083     2.349366     3.280084    -0.636688    -1.153036     1.057563    -0.371425    -0.072448    -0.428900
    0.276112     0.808845    -0.883461     1.230716     1.662776    -0.586473    -0.715180    -0.038251    -1.489728
   -0.468609    -0.287465     0.389621     0.524525    -0.243151    -2.021026    -1.923139    -2.233377    -0.391620
    0.092113     0.702228     0.795179     1.981377     0.139151    -1.020517    -0.432903     1.192232    -0.908841
    0.326619     0.888921     2.037638     0.609065     1.003075    -1.147998    -0.610256    -0.985772    -0.938266
    0.284225    -1.458091    -0.705316    -0.144199    -0.136127    -0.069481     0.568634    -2.736499     0.356775
    1.675880     0.063750    -0.090801    -0.650255     0.763724    -0.146013     0.241059     0.710404    -1.337364
    1.313230    -0.157384    -0.878537     0.558116     1.589552     1.096929     0.002082     0.597769    -1.046837
    0.060936     1.634985     1.953919     0.278992    -1.137894    -0.668828     1.137083    -0.699338     0.259603
    2.566677     2.123064     1.032950     0.108046    -2.046929    -0.107352     0.201365     0.700070     2.215538
   -1.370022    -2.496247    -2.065389    -0.286876     0.326792    -2.358413    -2.645120    -1.195466    -2.698456
   -0.651471    -1.128389    -0.645653     0.060200    -0.832200     0.033539     0.404686     1.581671     0.368623
    2.373479     0.932981     2.829211     0.008844     1.090521    -0.360159     0.637054     1.208329    -0.209721
   -1.158905    -1.127092     0.156731    -2.117194     0.408614     0.188194     0.988134    -2.265793    -0.230783
   -1.012755    -1.672814    -1.506979    -0.442184    -1.224416    -0.323554    -2.151276    -0.311787    -0.203224
   -1.351046    -0.405044    -2.798357     0.552075     2.072516     1.260773     0.042523    -0.169512     1.671386
    0.677399    -0.382999    -0.050110     0.382936     0.663124     0.971358     0.944913    -0.003360    -0.008110
    1.260091     0.792756     1.250381    -1.733026     0.455327    -0.623969    -0.776000    -0.447505     0.850014
    0.863012    -0.772698     0.204111    -0.214856     0.183998     0.154480     2.490512     0.443640     2.766476
    0.370967     0.583004    -0.623864     0.077565    -0.499082    -0.233944     1.976236     1.859798     0.237459
    1.726173     1.026409     0.009670    -0.378030     2.251735     0.964137     3.731599     3.390524     4.808913
   -2.070710    -0.025884     0.283871     0.489685     0.274580     0.284720     1.620724     1.085723    -0.822044
   -0.104620    -0.707406     0.595946    -2.875851    -2.477437    -2.231226    -0.760190    -0.690771    -0.184540
    1.380825     0.557509     1.810632    -0.643726    -1.004912    -0.063448     0.844978     0.661928     3.355193
   -1.611761    -0.603526    -1.872257    -2.095778     0.361826     0.032595    -0.170588    -0.702062     0.255746
    1.819410     2.540346     2.103528     0.236787     1.381262     0.489125     0.822393     0.859565     5.010369
   -0.995187     1.087650    -1.140717     1.010660     0.140028    -0.105894    -0.458002    -1.510942     1.406909
   -0.034720    -1.613443     0.036085    -0.693959    -1.478151    -0.171260    -0.757801     1.223989    -0.633956
   -0.002821     0.352550     1.235867     1.020911    -0.195091    -3.330576    -0.539655     0.953767     0.610767
   -1.751183    -1.213835    -1.279382    -1.293049    -0.119122     0.031719    -0.754874     0.613066     0.812335
    1.081914     0.891920     1.300897     1.912738     3.481314    -0.121029    -0.332123     1.189530     0.549741
   -0.578661    -0.495615     1.577964    -0.377283    -0.514823    -0.449622    -0.154495    -0.032080    -1.959698
    0.140149    -0.110504    -1.113936    -0.832725    -0.192035     0.011987     1.972248    -0.604883    -1.223970
   -1.419500    -0.285609    -1.749042    -0.190894    -1.726832    -1.218501    -0.917628    -0.277625     0.004233
   -0.801590     1.048244    -1.283568    -0.167424    -0.800760    -0.359024    -0.159504    -3.278935     0.482351
   -0.929562    -1.164356    -2.328988    -0.087008    -0.108701    -0.676135    -2.583463    -1.718996    -0.954610
   -0.108241    -0.508183    -1.424606    -0.436482    -0.352206    -1.679293     1.287453    -1.611011     0.459362
    0.012974     0.870719    -0.653893    -0.369690    -0.291598    -1.701194    -0.471708     0.283150    -0.594975
   -0.477253     0.133931    -1.055735    -0.166997     2.293313     0.259270     2.089958     1.148955     0.937817
    1.395607     2.294155     3.180947     3.162214     2.895861     1.862241     4.475541     3.165416     4.325133
   -4.546061    -2.209555    -2.353184    -2.874331    -3.341329    -2.899377    -1.041956     1.154551    -1.703166
    2.155528     2.739727     1.660001     0.408560    -1.282272     0.487696    -1.400049    -0.610865    -0.925621
    2.426943     1.910320     1.156206    -0.563766    -1.214952    -0.900653     1.482357     0.155211    -0.315060
   -2.748316    -2.045543    -0.647183     0.765922     1.743442     2.107193     2.754608    -0.614384    -1.635902
   -3.026360     0.053754    -0.710319    -0.347432    -2.278647    -1.827791    -1.722716    -1.905093    -1.693486
   -0.057848    -3.204203    -1.709542    -3.195133    -0.924407    -3.264360    -3.033805    -2.845449    -2.657273
   -0.540426    -0.061486    -1.107068     0.118100     0.093915    -1.017164     1.210131     0.400866    -0.100739
   -0.640872    -0.391206     1.785859     1.764092     1.289529     0.038905     1.617739     1.693706     0.937394
    0.801718     0.766319    -0.462438    -0.213017    -0.789412     2.207456    -0.266788     0.478045     1.860722
    0.767016     0.281147    -1.119200    -0.212381    -0.259155     0.078252    -0.236603     1.782415     1.152153
    0.420566     1.112489     1.711333    -0.979227    -1.871319    -0.777428    -4.106067    -4.067206    -4.522235
   -0.533185    -2.011422     0.393744     0.635751    -0.018994    -0.275381    -2.931110    -0.710507     0.669801
   -0.976687    -0.549339    -3.999268    -2.566297    -2.138043    -2.780911     0.366862    -0.561830    -0.928299
   -1.926844    -2.606480    -3.271779     2.370252     0.306429     0.568956     1.106718    -1.908765     0.589600
    1.241313     1.295555    -0.028719    -0.518826     1.398831     1.885907    -0.127030    -1.836333    -0.508281
   -0.637937     0.240247    -1.648836    -2.725769    -0.844178    -0.004136     0.197998    -2.337098    -0.373855
    0.759316     1.572611    -0.129218     0.087204     0.068496     2.081374     0.779733     1.641910    -0.394062
    1.292152     0.205792    -1.015918     0.110096     0.457755     0.212950     0.021729     1.056987    -0.334987
   -0.378985    -0.809175    -1.693179    -1.554811     1.145459    -1.477155    -1.941629    -2.837094    -1.620676
    0.043165    -1.659037    -0.796469    -0.871863     0.946726     0.200779    -1.229654    -0.181705     0.553649
    1.140247     1.936165     1.350170     0.759571    -0.047130    -0.060173    -1.467786    -0.251299    -1.284788
   -0.864220    -0.382136    -1.812215     3.106480    -0.039274    -0.291848    -0.193108    -1.198900     0.596970
   -0.495219    -0.657731     0.433531     1.574569     3.472386     0.643844     1.906298     1.961285    -0.752795
   -1.147168    -1.239287    -1.208203     1.147143    -1.669228     1.211384     1.185640    -1.546866    -0.367896
   -1.471930     1.192422     0.988981     2.039058     0.245191    -0.525100     1.151772    -0.408281    -0.484304
   -0.033222    -0.783718    -0.250920    -0.809443     0.427764    -1.001249    -1.310514     1.069783     0.261024
    1.879861     0.398346     0.167517    -0.272912     0.110003    -1.102575     0.508858     0.227432     0.307725
    0.943097     1.555749     1.962076     0.699297     0.353834    -1.302190     1.503362     0.339445     1.832018
   -3.566517    -2.592310    -2.409873    -0.770675    -0.809000     0.226256     1.740504    -0.086076     0.923382
    4.824679     2.533465     1.216158     2.652877     1.053514     1.556828     3.490784     1.527696     1.481981
   -1.111147     0.407719    -1.865855    -1.967335    -1.893108     0.311985     2.146295    -0.376263    -0.631986
   -0.729450     1.155682    -0.065347    -1.835081     0.445018    -1.426324    -0.013523    -0.093390    -0.736997
    0.365993    -0.318103     1.513306    -1.615717     0.295120    -0.642016     4.314268     3.569146     1.896669
   -0.834161    -1.247569    -1.796408     0.508559    -1.425890    -0.827267    -0.809765     0.031843    -0.666433
    0.436984     2.691808     2.486746     1.420554     0.811221    -1.362319     2.069962    -0.110915     0.906793
   -0.718705     0.411022    -2.453421     0.703529    -0.327758     0.777362     1.202264    -0.306749    -0.050385
   -0.076394    -1.002630    -2.026407    -0.924108    -0.143624    -0.057452     1.081119    -1.026136     1.088996
    0.508121    -0.017714     1.082346    -1.343379    -1.162773     0.691510     0.635561    -1.707856    -0.710159
    3.634955     1.966315    -0.050104     0.324879     1.510208    -0.096808    -1.785675    -1.428054     0.137387
    1.095901    -0.160681    -0.482640     0.720255     0.627693     1.666520    -1.072035    -0.791161    -0.119793
    0.149197     2.103418    -0.744225     0.930923     0.169022     0.799350    -0.860596     1.289603     0.062395
   -0.645340     0.792466     0.396932    -0.421773    -0.953037    -1.176762     0.567731    -0.037157    -0.117840
   -1.893815     0.908287     0.575074    -3.159479    -0.893706    -0.246025    -2.702338    -1.680121    -0.226290
    1.146873    -0.997483     0.171770     0.461732    -0.094706     0.195209    -2.550133    -0.476704     0.028665
   -0.146229     3.806107     2.037695    -0.514663     0.932949     1.341857     2.126401    -0.723226    -0.362719
   -1.606594    -2.481298    -0.621831    -1.498117     1.531140    -0.827043    -0.566808    -0.795744    -1.424858
    0.678775    -1.254910    -2.785030    -0.707528     0.745512    -0.210518    -0.856193    -2.404693    -0.342863
    1.240388     1.907292     0.221899    -2.700121    -0.125561    -1.528079    -1.746050    -1.145918     1.692648
   -1.523745    -1.473356     0.783734    -1.274852    -2.169226     0.946231    -2.253472    -1.621282    -0.810433
   -0.856098    -3.900928    -2.137477    -0.603284     1.844985     0.254561     0.211681    -0.439211    -0.473306
   -0.335245    -0.837213    -0.588317    -1.224598    -0.644163    -1.457021    -2.755474    -0.771388    -1.237470
   -0.614916     1.509094     1.469746     0.645246     1.214036    -1.797108    -0.421760     0.613923     1.950060
    1.509851     1.916561     1.746054    -1.137555     0.351194    -0.840635     0.537433     0.197326    -0.844600
   -0.805391    -1.432318     1.565093    -3.739773    -2.616327    -1.529017    -0.872696    -1.882318    -1.061954
    0.028887     1.388602    -0.692950     1.359617     0.583794     0.311230    -1.194980     0.912953    -1.410807
   -2.217875    -2.002470    -0.630576    -2.072440    -0.042020    -0.131732     0.273846     0.641854    -1.313356
   -0.636340     0.126266     0.677574    -0.746564     0.433728    -2.558946    -0.358363    -0.704341    -1.725003
    0.107209    -1.030578    -2.221385    -1.157275    -0.087726    -1.983245     0.014944    -0.424885     0.254741
    0.425097    -0.547998    -0.135240    -2.952863    -1.493274    -1.176002    -0.962380    -0.493319    -1.027140
   -0.223541     0.242148     2.068216    -0.292814     0.005839     1.735532     1.150192     2.175168    -0.397688
   -0.462281    -1.277386    -0.565171    -0.321754    -1.506494    -0.261977    -2.394648    -0.828128    -0.225523
   -0.737833    -0.656109    -3.052576     0.567577    -0.164767    -0.028594    -1.546929    -0.822843     1.631241
   -0.197076    -1.515249    -0.340033    -3.587055    -2.679689    -1.214683    -1.376590    -1.725367    -0.113787
   -0.760922    -1.372806     0.355247    -0.379761    -0.734155    -1.681104    -1.348335    -0.707547    -0.433815
   -0.616943    -2.400071    -1.134363    -1.457183    -0.414044    -0.354803    -1.259818    -2.136896    -1.536016
   -0.361286    -1.595005     0.537398    -1.309930    -1.832937     1.034939    -1.879168    -1.932613    -1.444465
    2.798765     2.117993     0.680250    -1.817997    -1.939582    -2.194118    -3.727214    -3.092369    -2.461219
   -0.932732    -1.218984    -2.222567     0.149887    -0.506491    -2.630833    -2.841290    -2.308404    -1.403541
   -2.833287    -1.361318    -2.601918     2.020739     1.465635    -0.384524    -2.325633    -0.898759    -1.835337
    2.508946     0.603663     0.921115    -0.281560    -0.475665    -0.360060    -1.365640    -1.241032    -0.251325
    0.382424     1.462057    -3.025438    -0.417413    -0.278290    -1.580357    -1.104539    -0.595567    -1.555191
    1.010155    -3.584946    -0.353120    -1.019500    -1.631486     0.184249    -1.919918    -0.739888    -0.173676
    2.808788     0.085568    -1.581207    -0.800844    -0.449548     0.893316    -0.268681    -0.907432    -1.454770
    0.267280     2.113351     2.555987     0.441538    -0.284830    -0.990559     0.269320     3.118173    -0.273523
    0.108931    -1.161824    -0.667279    -0.719263     1.713110    -0.428135    -1.223035    -1.049108     0.550000
    0.137905     1.201409    -0.035103    -0.824597     0.829132    -1.362496    -3.317000    -3.971801    -3.228431
    1.923102    -0.238699     0.244530    -0.539639     1.450633     0.709295     2.757454     2.920184     1.991016
   -1.209914    -1.600691    -1.872539     1.362376    -0.807396    -0.686287     2.688253     0.787251    -1.229914
   -2.393769    -2.826703    -2.738640    -2.881340    -1.656791    -3.107487    -0.930425     1.362747    -0.190660
   -0.976722    -1.124603    -0.924307    -0.226246    -1.061937    -2.468518    -4.041578    -0.055671    -1.994781
    1.108048     0.439955     1.624704     0.686761     0.449163    -0.989813     0.349933     2.386634    -0.692091
    1.928806     1.773759     0.282003     1.340580     1.193560     1.725965     2.386189     1.230424     1.392946
    0.172242    -0.869816    -0.250445    -0.367786    -0.212479     1.646003     0.250266     0.016126     0.656268
    2.080047    -0.562562    -0.777358     1.452802    -0.061366     1.174479    -1.851080     0.435579    -0.848325
   -1.761144    -1.890922    -0.807184    -0.384250     1.127262    -1.060701    -1.650552    -4.841634    -0.461608
   -0.917395    -1.560105    -0.402952    -0.451374    -0.741913    -2.601271     0.259271     0.316446    -0.604543
    1.083210     1.397866    -1.097085    -1.177452    -0.325026    -1.252653     0.555368     1.150151    -0.244951
    0.259773    -1.070804     1.196923    -0.418096    -0.516163    -1.869474    -0.477104    -0.528091    -1.953138
   -0.144396    -1.363761     0.090422    -0.556397    -1.477957    -1.754365    -0.239861    -0.703614    -1.004628
   -1.097955    -1.307089    -1.363620    -0.681560    -0.274436    -1.242395    -1.096719    -2.122608     0.780366
    1.411016     0.574515     2.924300    -0.072473     0.589939     1.428401     4.284228     2.966274     2.165148
    0.510624     0.898500     1.753241    -0.454210    -0.726893    -1.423235    -1.465109    -1.263253    -1.561737
   -2.697337    -1.872300     0.366306     1.214104    -1.358688     1.265374    -0.217735    -1.309597    -0.858484
   -3.972702    -1.093078    -2.658790     2.047341     1.125086     1.370142    -2.220468    -3.160511     0.668026
   -0.756294    -0.054980     1.748271    -0.546702     0.156896    -0.812648    -0.190068     0.138154    -2.591723
   -3.338695    -0.141345     0.567973    -0.107373    -2.271439    -1.474122    -1.305392    -1.953163    -0.390385
   -1.048295    -2.996627    -2.701574     0.453607    -0.211801     0.444883    -2.529381    -2.463785    -2.670672
   -0.046171     0.513435    -1.585001     1.083648    -1.064587    -0.964466     0.391472    -2.754494    -1.048111
   -2.128720    -1.336390    -1.482189     0.226362    -0.057972    -0.356979    -3.215070    -1.122923     0.031674
    0.902206    -0.156298     1.642803     0.107855    -0.996717     0.243461    -0.089473    -1.165215     0.635280
    2.320641     1.640028     2.641994     0.643618     0.074462     1.457920     0.426323    -0.380768    -0.087144
    2.247643     0.716241     2.114625     0.461249     0.431836     0.046515     1.315932    -0.121901    -1.078638
    1.366006     0.708420    -0.386838    -1.087443     0.935320    -0.236085    -0.158479     0.251066    -1.060095
   -0.297131     0.370101    -0.341265    -0.834105    -1.861784    -2.992130    -0.029186     0.528172     0.868140
    0.085939     0.294379     1.521416     0.437806     1.337514    -0.732121     2.484715     1.408533     1.248790
   -0.335288    -0.362397     0.288600     1.096144     0.709304     0.127391    -0.130325     0.964214     1.015013
    2.304745     1.123602     1.200114     1.725851     2.676388     0.290009     0.706880     1.076273     1.310559
    0.384910     0.552207    -1.597326     0.153187    -0.989376     2.035047     0.766162     0.776453     0.612175
   -1.760006    -0.926280    -0.878156    -2.051555     0.103795     0.506976     1.086046    -0.762071    -1.301431
   -0.224231     1.699160     2.462005    -1.205925    -0.556727    -0.613690     0.110889    -0.149696     0.437880
    1.116815     1.415793     1.777249    -1.611993    -0.281991     0.797609    -1.835415     0.505126    -0.487575
   -1.795489    -3.210156    -1.644192    -1.602817     2.024827    -1.002881    -2.140853    -1.146372    -0.468776
    0.244872     0.628368     2.295635    -0.463228     0.637233    -0.415674    -1.193878    -0.159642    -0.499849
   -1.629906    -0.151434    -1.176773     0.083474     1.873855     1.483064    -0.920646     0.098803     0.477980
    1.299769    -1.274253    -0.619530     0.088407    -0.212790     0.224996    -1.718968     1.218838    -0.175332
    0.117496     0.688894    -0.045379    -0.253823    -0.639165    -1.084823    -3.380123    -3.156710    -3.697833
   -0.423337    -1.212191    -0.220959    -2.207679    -0.199795    -1.908808    -1.618034    -2.595792     1.156818
   -0.387168    -0.555632    -0.904042     0.300971     0.295258    -0.276566     0.176809    -0.946238    -0.355071
    2.435887     0.573799     1.106985     1.510067     2.246782     0.488684     1.469827     4.049829     3.334737
    2.172511     1.857144     0.414683     2.338926     0.601503     0.567425     0.886781    -1.576689    -0.417181
    1.567074    -0.276172     1.966278    -1.802621    -0.849495    -2.045540     0.365430    -1.638688    -0.610033
   -0.101600     1.000538    -0.211951    -1.160231    -2.221266    -0.963310    -1.748601    -2.120926    -3.354229
    0.498060     0.647386    -0.868134    -0.148365     1.074385    -0.304865    -1.584329    -0.087628     1.175816
    0.238250    -0.547514    -0.374370     3.371159     0.562603    -0.361835    -0.341877    -0.338801    -0.602746
   -1.092404    -1.933592    -0.761241     0.789403    -1.859006     0.298522    -2.038448     0.957310    -1.512808
    3.198342     1.867088     0.821151    -0.098770    -2.005962     0.099182     2.037020     0.360552    -0.689663
    0.946351    -0.943777    -0.926000    -1.134149    -2.417631    -1.289102    -2.343972    -2.984222    -4.357524
    1.039331    -1.037905     2.273329     2.777645     0.837140     2.916478     2.016916     2.330206     3.705649
   -0.362922     0.356460    -1.492350    -0.312147    -0.266614    -1.206101     0.298020    -0.422066    -1.082047
   -0.774440     0.383723    -1.202369     0.197860     1.102386     0.554816    -0.457120    -0.286946    -1.538766
    1.189392    -0.042441     1.145394     1.852435    -0.048365    -0.696599     0.517160    -0.575442     1.646779
   -1.128354    -0.518232    -0.208779     1.347888     1.471254     0.643013     3.089221     3.469415     1.455012
    0.990341     2.002631     1.092901    -0.519150    -1.611985    -2.227777    -0.429926    -1.899489    -0.803603
    0.372008     2.485789    -0.227679     0.039701     1.915680     2.079600     2.249566    -0.007034     0.425440
    0.827248     0.426140     2.037032     0.253474     0.112447    -1.047670    -0.283809     1.430954    -2.498550
   -0.513752    -0.894554     1.336430     1.734960    -0.112930     0.637254     2.521099     0.543779    -1.747844
    2.295103     0.063916     0.212850    -1.012538    -1.655793    -1.990622     1.712345     0.427948     0.366185
    0.671258    -0.709457    -0.130570     1.857197    -1.160685    -0.109108     1.897658    -0.704032     0.976584
    1.065527    -1.503727    -1.477534    -0.614588    -0.082878    -0.667753     0.706536    -0.451069     0.510322
   -2.298362    -0.914231    -1.402454    -1.665409    -1.211620    -1.725196     2.150238    -0.313082     0.715173
   -0.386720     2.032116     2.891048    -2.551406    -2.505721    -3.196519     0.447291     0.105095     0.029195
   -1.580832    -0.546274    -1.505513    -3.190828    -0.787234    -0.278546    -1.011354     0.384705     0.843835
   -1.241935    -3.743510    -1.112835     0.728211     2.125290     1.430744    -2.353483    -2.596908    -2.800063
    2.390587     1.613217     1.326503    -1.932353    -1.939531    -0.770948    -3.338982    -0.578771    -1.648012
   -1.735595    -0.886494    -2.332579    -1.076167    -0.886452    -0.403810    -2.050104    -1.347254    -2.133393
    0.554378     0.380349     1.040015    -1.131418    -2.062590    -0.279848    -2.645735    -0.216837    -1.169415
    0.125108     1.513625     0.712282    -0.044946    -1.227961     0.887682     3.541823     1.382259    -0.489091
    4.317315     1.517066     2.178024     1.458558     1.969651     0.283526     4.593159     4.319724     4.562772
   -0.399904    -1.185279    -3.073526     0.239267    -0.344134     0.010663    -1.843289     0.402638    -1.712770
   -0.379688    -0.702749    -1.459064     1.180315     0.938741     2.895712     1.372428     4.884662     0.373107
    0.279583     1.319848    -0.200570     2.333484     0.015470    -0.758671     1.306897    -1.873400     0.049628
    1.625297     3.237856     1.157211    -1.081713    -0.498631    -2.435612     0.504927     0.491067    -0.868823
    0.589375    -1.939934    -0.934133     2.379794     0.071565     0.297455    -0.950604     0.186673    -1.507131
   -0.215124     0.367961    -0.721447     2.969385     1.336087     1.265073     1.304642    -0.473216    -0.143551
   -0.416507    -1.968389    -1.492416    -3.705119    -1.666491    -0.987949    -1.303666     0.101889     0.072608
    0.497824    -1.384455    -0.125454     1.934735     0.404951     1.839134     1.043104     0.519481     1.176494
   -2.337425    -2.513780     0.005844    -1.467381    -1.163662    -2.226738    -2.388327     0.185987    -1.850583
    1.794032     2.158080     2.881717     1.153845     1.246457    -0.677683     2.874041     2.065147     1.512497
   -0.249422     1.330144     2.466531    -1.236964    -1.293175    -2.030696    -1.347362    -0.948353    -0.277350
    1.617782     3.598933     0.993658     0.882415    -0.845351    -0.852866     2.045960     2.987985     1.623028
   -2.984219    -3.144005    -0.246170    -0.103693     0.071871     0.098161    -0.654301    -0.814726    -0.167373
   -0.430449     0.631616     0.560017    -1.347871    -0.234303     1.470578     0.935817     0.276929    -0.573140
   -1.330224    -0.927357    -1.915839     4.119641     3.697999     1.278203     2.369692    -0.838186    -0.844439
    1.046215     2.343655     1.490917    -1.040956    -0.920484    -0.748422    -0.449679    -1.013525     0.771089
    1.583649     0.768325     0.522792     1.718133     0.396182    -0.396943     0.979326     1.944476     1.376479
   -0.130480    -0.793174     0.094291    -0.147633    -1.318487     0.436607    -0.623124    -2.257843    -2.381795
   -0.869365     0.133872    -0.653583    -0.582888    -0.319446    -1.005174    -0.620555    -2.637356     0.226270
   -2.919692    -2.277748    -2.204830     0.983481     2.094457     0.127877    -0.113783    -1.450059     0.685077
    1.583929    -0.278049     1.558063     0.096146     0.511639    -0.796038    -0.497129    -0.190010     0.073003
   -1.546699    -0.412249    -0.093619     0.705853    -0.395360     0.785697    -1.355873     0.401513    -0.691720
    1.486220    -0.114995     0.812665     0.703573     0.596418    -0.289195     2.345755     0.291092     1.229723
   -2.883286    -0.850987    -0.985007     1.993031     1.680522     0.361516    -0.478996     1.007957    -1.547799
   -2.518448    -0.918987    -2.693546     2.044628     0.403798     0.168786    -0.820227     0.021189    -1.019557
   -0.613913    -0.681465    -1.195125     0.310223     0.148351     1.168030    -1.980331    -1.408229    -1.475771
    1.128276    -1.981149     0.463771    -0.721790    -0.664615    -0.603433     0.792436    -1.212293    -0.583668
    0.501811    -0.089173     2.347940     2.225732     0.190428    -1.326207     1.698092    -0.560489    -0.680497
   -1.494720    -1.280645    -2.660487     1.253081     1.966595     1.590770    -1.025871    -1.633057    -1.667131
    1.514138     1.610717     2.404552     0.070802    -1.018461     0.015581     2.527230     2.523607     2.008507
    0.575584     1.105092     0.079776     0.542621    -0.548704     0.146051    -0.153101     0.095005    -0.494901
    1.391774     1.224692    -0.945558     0.290162    -2.104699    -3.108073    -2.141436    -1.990819    -1.675802
    0.863809     1.112076     1.595661    -2.226507    -2.404738    -1.812056    -1.297101    -1.777656    -1.433364
   -1.953172    -1.063525    -2.718446     0.476600     1.589074     0.876602    -0.171401    -0.823815     0.407043
    2.988978     2.610334     1.468403    -2.382611    -0.601532    -2.720757    -1.660087     0.245067    -3.349040
    0.080404    -0.327912     0.262228     2.075783     0.776082     1.515503     0.929772    -0.013526     2.773649
   -3.446548    -4.189821    -1.923148    -1.000205    -0.012391    -0.326876    -1.092744    -2.442880    -1.862089
    1.909337     0.528121     0.247766    -0.994454     0.781351     1.045546     1.693853    -1.648407    -1.234123
    0.680960     1.731320     0.051454    -2.761681    -0.852893     0.682774     2.338154     0.357531    -1.501346
    0.925180     2.288135     0.591272    -0.903318    -0.882325     0.878585     3.042084     1.989325     1.975600
    0.746527    -1.154384     2.578311     1.527925     1.050553     0.318185     0.310066     1.361217     0.530379
    0.275716     2.060731     2.118083    -0.049647    -0.676935     1.079737    -0.908731     0.582885     1.698492
    0.160953     0.985377     1.229881     0.786505     0.500688    -1.831044    -2.791069    -0.179567    -0.713037
   -0.159451     0.298007     0.972003    -2.482534    -1.236847    -0.430235    -1.053116     0.257596    -1.378902
   -1.030733     0.277680    -1.822427    -0.344486    -0.857182     0.660415     0.503189     0.536030     0.640093
    1.011743    -1.192593    -1.712448     1.157477     0.972103     0.658324     0.290175    -1.036351     0.973328
    0.774784     0.796280     0.740762    -0.121988    -0.862132     0.289933    -0.637081     0.096660     0.651496
    3.337870     2.025805     2.761482     1.932836     2.156646     1.858130     4.462915     2.075566     4.957838
   -0.245901    -0.451910    -0.502821    -1.286111    -1.907393    -0.044381    -0.702461    -0.605825     0.507402
