    0.995543     1.615350     1.119991     0.655945    -1.380078     1.929702     2.163194
    1.074898     2.257935     2.227049     1.516275     1.080788     1.319236     1.842753
    3.737544     2.118141     1.386356     2.769532     2.811154     5.487763     2.852968
    1.551693     1.480870     0.859525     1.641374     1.331482     1.491225     2.825791
    3.239415     1.301046     1.339958     1.749547     2.589700     1.728931     1.704576
    1.800755     2.111696     1.530247     2.070513     0.711025     0.932399     0.136226
    2.941094     2.722057     2.031324     1.510241     0.896011     2.141180     2.132129
    0.060204     0.734107     0.755117     0.069621     0.057812     1.520885     2.989945
    3.950229     3.361321     2.466769     2.589101     2.557507     4.153283     3.595843
    2.839552     3.429546     1.801726     0.552931     1.806530     1.588778     2.149780
    4.112301     3.892410     3.748224     2.820985     3.450868     3.299266     4.538683
   -0.636219     2.584660     0.670636     0.596194    -0.116651    -1.678019     0.055565
    3.104405     3.525498     2.465858     0.969181     0.906578     1.520356     1.666196
    1.227545     3.154656     2.874490     1.474145     1.842123     2.464185     2.059868
    1.943123     2.006143     3.233448     3.487873     5.085806     4.859439     5.224199
    2.000489     2.981848     3.094254     3.288896     4.950862     5.226401     4.271615
    1.814649     1.167563     0.327809     1.011893     0.801359     0.630339    -1.526425
    3.735268     3.983617     4.723738     2.842537     3.577834     3.671708     4.038947
    2.265188     1.457542     1.513469     3.929076     3.466396     4.049578     3.407406
    3.877021     3.534520     4.267624     5.126423     3.520402     5.387973     4.029679
   -0.533948     0.319130    -0.776273     0.692068     2.160692     0.789296     1.986228
   -1.259164    -2.097316     0.454049     2.265355     2.111633     1.542623     1.171829
    1.840160    -0.109045     1.313016     1.572058     1.515569     3.083160     2.591670
    2.338079     2.474942     2.724887     2.482660     2.068710     2.952132     1.163419
    0.360819    -0.386996     0.068700     1.621703     1.426476     0.105123     0.289299
    1.087891     2.183963     3.630063     5.114854     7.062403     6.093227     7.712605
    0.969317     1.448562     0.477862     0.217511     0.080171     1.194790     2.625224
    2.788586     3.484528     0.561802     1.595027     2.168302     3.072939     2.773512
   -0.603949    -0.955335    -0.183295     2.156090     2.568624     1.926514     1.888641
    0.833560     2.077589     2.060921     1.827147     1.297364     0.774791     0.388593
    0.271000     2.309138     1.619361     1.927108     2.850520     3.453287     4.713830
    1.746880     2.440720     2.563446     2.833746     3.456387     1.846184     3.484563
    1.583276     1.033932     0.965562     2.874784     2.557465     3.296936     4.680732
    1.479852    -0.044992     0.619817     1.764567    -1.609859     0.721199     0.913636
    0.876638    -0.175020     0.356562     0.236176     1.613396     1.395884     3.305053
    0.502694     0.942723     0.240359     2.257239     2.151062     3.070457     3.087332
    1.896007     1.989486     1.719520     2.983941     1.778910     1.251141     2.655119
    1.349159     0.528116     1.268177     1.285625     2.363827     3.088015     3.345601
    1.653152     3.521144     3.391423     2.576829     3.277239     2.942390     3.779835
    2.312422     2.213015     2.624270     1.976729     0.178570     1.169018     1.155591
    0.274138     1.210638     2.067327    -0.304422    -0.117619     1.384496     0.086638
   -0.130539     0.069073     0.073496     0.250737     0.005131     0.370552     0.909992
   -0.196511    -1.548333     0.315295     1.073822     1.785681     1.707038     1.159311
    0.952271     0.746873     0.787626     1.113986     1.063083     2.030701     2.332076
    1.529407     1.588515     2.057507     3.748870     2.093446     1.964822     0.749748
    1.645932     0.560366     1.749690     1.300213     1.382383     2.456047     3.285385
    2.770981     2.196874     2.879703     2.671123     2.978975     4.454565     2.590778
   -0.366294     1.211729     1.004419    -0.411193     0.180116     1.202785     1.943131
    0.416871    -0.847671     0.467064     2.166857     2.556087     1.785085     2.309122
    0.942094     2.032808     2.356612     3.407158     4.013847     4.368343     3.702906
    3.752599     1.925076     2.334053     2.296464     2.460930     2.763772     2.307488
    0.627177    -0.287933     2.130848     1.169207     2.280036     2.167653     1.912866
    4.128635     4.090097     3.287889     2.547912     2.561751     3.180172     3.406212
    0.291625     0.289632     0.784568     2.535862     2.302464     3.427460     2.568568
    3.080339     3.104572     2.777817     1.006706     1.958246     2.533254     2.579505
    1.289027     1.198720     0.831068     0.133995    -1.260595    -1.572206    -1.073279
    2.116119     1.526029     2.722495     2.061592     1.239191     2.759615     3.266769
    3.837015     2.830847     4.013601     3.875366     5.081959     4.840217     5.180690
   -0.338392     1.057497     2.813693     1.180352     1.030778     0.903077    -0.980485
    2.743250     2.131183     0.354210     0.631253     0.710856     1.016422     1.666474
    2.060553     1.955233     3.038348     3.489165     4.529411     4.880936     6.564697
    0.305544     0.350041     2.332462     2.609822     2.988566     2.682954     3.325227
    1.115302     1.727202     1.107438     2.167299     3.134998     3.342616     2.613541
    0.972889     2.101771     2.107626     1.550264     2.229739     4.304082     6.483981
    0.906300     2.893671     2.653490     1.163281     1.683140     1.705016     1.521933
    4.204915     3.545265     2.771400     2.843405     2.613647     2.285326     3.969691
    2.649089     3.042462     1.543842     3.434685     3.700651     2.882380     4.208449
    3.439242     4.013537     3.565904     2.205867     3.827732     4.835532     2.442843
    0.587389     1.727238     3.077926     2.741820     1.351286     1.221546     0.700509
   -0.764821     0.610120     1.113442     2.720047     2.515941     3.337190     3.196783
    1.924598     2.173719     0.581203     1.520682     2.227782     1.960485     1.450919
    0.673778     0.364473     0.654253     1.575717     1.117270     2.710301     1.481300
    3.746223     3.853179     4.041700     2.678310     3.943948     5.245574     4.569733
    1.024633    -0.861158     1.104550     0.758041     2.157030     1.251133     1.761293
    1.624566     2.413721     3.020055     3.146021     3.710758     3.307828     3.868980
    2.859195     2.995938     2.887771     3.612796     6.083435     6.130978     5.417830
   -0.218908     1.328461     1.481654     0.712605     1.154727     1.055360     0.698726
    1.711176     2.362469     1.757156     0.964292     1.269104     0.946997     0.971332
    1.083849     0.973591    -0.481407     0.429798     1.405147     2.112581     0.834930
   -0.093292     1.723131     2.879060     3.453016     4.222260     3.442058     3.190958
    1.244324     0.937502     1.240583     2.489964     2.484272     4.129733     6.371207
    0.082998    -1.387716     0.674053     1.781616     2.598773     2.254908     3.398536
    2.562476     2.170993     1.926461     1.901906     3.691055     2.525414     2.472103
    2.718022     1.744139     2.712075     1.876783     4.136330     3.586872     4.091005
    2.249462     3.036299     3.450326     2.323873     2.224027     3.381648     4.062282
    3.517989     4.320451     4.917974     3.367567     2.617236     2.584300     1.985269
   -1.832339    -0.571965     1.311669     3.080183     1.894538     1.575784     2.030161
    1.630224     0.489194     1.818427     1.853932     0.911370     1.610158     0.562048
    2.806121     1.345334     1.179090     2.078301     2.960636     3.364906     3.607214
    1.140500    -0.039911    -0.492850     1.397096     0.776383     1.148816     0.920468
    2.219496     1.369247     2.082224     2.457721     2.630471     1.809012     4.105737
    2.637523     2.970865     3.360482     4.437232     3.230359     5.980364     4.329183
   -2.034517    -0.790145     2.018743     3.371398     2.564708     5.703181     5.390593
    2.193461     2.123827     1.725964     1.894377     2.282452     3.216387     4.319621
    0.666587     0.933901     2.742101     3.926855     1.190406     1.736423     2.743709
    1.126240     1.189728     1.784130     1.820364     1.043102     1.711891     2.446432
    0.007235    -0.212438     1.701505     0.280232     1.469367     0.138091    -0.712744
    1.821190     3.131870     2.540688     0.761262     1.029591     2.933734     1.757576
    3.061430     4.452987     4.501551     4.697275     4.355079     4.920072     4.312871
    1.550689     2.502506     4.486972     3.388028     4.080861     3.921021     4.611187
    1.474728     2.349303     2.420786     2.014747     2.707275     2.574054     2.910919
    1.704913     0.402666    -0.040695     2.018298     3.536726     3.908466     3.411085
    2.509588     3.436336     2.389497     3.361264     2.225443     3.296337     3.777360
    0.021783    -0.614035     0.496957    -1.404753     0.191920     1.095968     2.567939
    0.913657    -2.581049    -0.511778    -1.000415    -0.803368    -0.075617    -0.299892
    1.330992     1.921867     2.861497     2.971416     2.001320     3.571688     4.485992
    3.223278     4.286327     5.187915     4.889344     3.649447     2.043381     1.488487
    2.507084     4.181615     2.601508     1.880925     2.935341     2.224283     3.437202
   -0.120492     1.534805     3.794956     3.433812     1.516745     2.701720     3.837554
    2.975391     1.553606     2.115570     2.576260     2.508847     3.842885     5.337300
   -0.067038     1.142674     0.518985     0.677842     0.604973     0.889271     1.347855
    4.527748     3.065900     2.908331     2.144390     1.769993     1.573267     1.618383
    1.430482     0.181937     1.014100     0.859149    -0.061965     1.333362     0.975252
    2.658006     2.294238     3.765271     5.298280     3.831619     2.566733     1.507000
    4.042303     2.860763     2.386940     2.847058     4.920842     4.187323     4.881143
    0.058539     1.329491     1.839117    -0.497964     1.378662     2.610208     2.057904
    0.289153     0.236563     0.147739     0.658281     2.363526     1.351704     3.143067
    3.011118     3.462336     3.220708     2.581992     2.003173     2.501103     3.999744
    0.527305     0.543509     0.695297     1.257988     2.950733     1.183025     1.059716
    3.733714     2.673881     4.775676     4.164377     5.268023     5.298454     6.209563
    1.626942     0.833422     1.712411    -0.458963     0.238535     1.068488     1.485437
    2.835464     2.098171     1.637895     1.805965     2.561972     1.250021     3.274624
    3.186199     3.921852     1.691746     1.558263     1.973698     3.362477     3.081488
    3.803362     3.860120     3.011286     3.229502     4.217019     2.290103     0.813483
    1.337453     1.616210     1.006480     0.514965     3.261363     3.965028     3.813684
   -1.859539     0.666074     0.577813     3.164722     1.949253     3.002001     1.871569
    3.542301     1.533691     0.621307     2.405062     2.591133     2.058701     2.515892
    2.332209     2.859082     3.319194     3.870539     2.147422     1.158507     1.766860
    0.756257     1.179728     2.247110     2.288832     2.228095     2.851038     2.104478
    4.665981     3.670926     1.882796     2.760317     2.192566     3.203776     2.283260
    2.033648     1.577649     1.784314     1.255942     1.761485     1.494722     2.857407
    1.308637     2.464753     2.854485     2.353234     2.129789     2.110908     2.768373
    2.858463     4.086935     3.584253     3.193524     2.481650     1.115674     1.458428
   -0.648637    -0.897461    -1.944864    -0.444020    -0.695986    -0.560021    -0.320362
    1.061800     0.811051     2.187773     1.829989     1.788966     2.184058     2.485578
    0.019597     0.988600     1.448204     1.519952     1.203017     1.504132     1.830343
    1.639192     0.641129     0.537397     2.612880     2.013038     2.617241     2.094031
    1.202057     2.211018     0.975659     1.251722     1.724298     2.306872     2.359686
    2.160154     1.287831     0.236733     0.026794     0.657728     0.005706     0.112653
    2.225754     2.376227     2.446519     2.351012     2.448010     1.808966     1.846417
    0.461379     0.250435     2.586444     2.453685     2.603810     1.867485     0.641650
    1.393327     2.895835     4.237762     4.817313     3.146524     2.836596     3.126233
    0.394529     1.712891     3.093699     3.054163     3.335129     3.294402     4.025275
    2.018175     1.515056     0.803261    -0.847513     1.268070     1.820840    -0.170907
    3.397644     2.379773     2.892784     2.040056     1.240059     3.147875     4.711420
    2.708331     2.634205     1.808631     1.421638     1.721735     1.587016     0.183820
    2.828444     2.591773     4.367660     3.761085     2.081321     2.389227     3.692811
    3.929241     3.893627     5.742539     3.922688     3.209354     4.026972     4.596660
    1.610233     2.391701     1.329028     2.722769     1.447604     1.087730     0.184972
    2.868416     3.508132     3.392692     3.422890     4.409892     3.747201     2.199489
    1.575602     1.793695     2.471957     3.783418     3.724227     3.314816     2.204681
    1.368212     1.586941     3.769415     1.532865     2.077414     2.099539     2.573299
    1.231036     1.122432     0.205291     1.337307     2.657610     1.627525     2.324985
    0.031718    -0.436180     0.787378     0.794007     3.296344     3.835496     5.804173
    2.306168     0.245837     0.075847    -1.044777    -0.697793    -0.779313    -0.508954
    2.308676     2.458184     2.853840     3.184524     2.299564     2.813031     1.332207
    2.860500     2.082635     1.034707     1.022798     1.121605     0.384958     1.343645
   -0.378143     2.036736     1.838084     4.193418     4.180735     2.183369     3.595447
    1.179068    -0.025770     0.422760     0.281927    -1.392638    -1.160551     0.223898
    1.087891     0.788831     2.559376     2.825067     4.120231     2.355341     3.100245
    0.704008     0.791818     0.413513     1.744144     3.386836     3.699894     2.632861
   -0.352050    -0.091357     1.224185     1.664920    -0.216314     0.909663     0.687896
    1.467701     2.118367     2.398112     2.814307     0.370013    -0.222586     1.439056
    3.039682     2.061569     0.560732     1.952793     2.851158     3.727359     4.124394
    2.920606     2.967741     2.337268     3.147553     4.547924     3.855154     3.208405
    1.902207     2.614522     2.959317     1.987154     1.673039     1.088234     1.627065
    0.907581    -0.463516     0.761928     1.482566     2.445349     3.490694     2.208212
    3.646885     0.782172     2.180133     1.302492     0.780276     2.459024     1.006923
    2.159921     2.618059     2.092277     2.444849     2.461395     1.456053     0.389774
    2.760255     2.568114     3.378213     3.843161     3.356378     4.203092     5.982937
    4.656590     4.475797     3.386718     2.387377     3.156151     1.127741     1.910241
    1.572510     0.673513     1.945642     1.649965     0.282753     0.895175     0.145065
   -0.056749     0.863485     0.322598     1.813395     1.259520     2.455750     3.648542
    2.920033     3.106198     2.178796     2.855782     0.847050     2.181506     4.169670
    1.125152     1.326049     2.252552     3.170116     3.637458     4.504000     4.820278
    1.135857     2.536954     2.714642     2.666300     2.514809     2.837870     4.825236
    2.431558     3.736381     3.262154     4.094258     4.092821     2.991667     3.686904
    3.741933     5.498747     4.296602     2.312706     3.004452     4.586670     3.180329
   -1.476704     0.754964     2.250747     1.432466    -0.047233     0.838326     1.371047
   -0.338932    -1.648878    -0.359176     0.936641     0.191303    -0.717047    -0.895585
   -0.577965     0.118360    -0.799462     0.929272     1.621714     0.754669     0.604564
   -0.805495     0.813716     2.276445     1.666105     2.942903     3.443130     3.691490
    1.370176     3.137718     3.428423     3.566136     3.721667     3.854195     3.773646
    1.767901     2.081405     0.917805     2.942908     2.606307     1.999712     2.500795
   -0.378869    -0.746340    -0.558423     0.720565     1.950243     0.600480    -0.219354
    5.650679     3.851700     4.526767     5.131867     3.272087     2.950133     3.167928
    1.160398     0.918435    -0.045311     0.407508     0.561128     1.771655     1.740475
   -1.280052     0.248014     1.640776     3.640512     2.856826     1.282328     1.210382
    0.937250     2.302333     1.872825     1.685968     1.541000     2.583429     2.839444
    4.045280     2.836315     3.178582     4.079217     4.634594     5.272111     5.366284
    0.504955     0.277077     1.263926     2.175429     2.587889     1.347735     0.907836
    0.450249     0.115804     0.853037     0.263228     2.045165     1.134000     0.960678
    0.551123     2.495424     3.508597     3.098208     3.476471     3.250757     3.001426
    0.808198     0.474845     1.176117     2.821949     2.411885     3.482247     2.307778
    3.159936     3.099804     3.911095     2.947205     3.071944     2.896952     4.654554
    2.060452     2.709151     3.866089     2.781602     2.211591     3.172037     5.083617
    2.165243     2.383054     2.779341     2.521384     2.013065     3.339429     2.716515
    1.775394     2.107301     2.784983     3.085594     2.410337     2.408074     3.503409
    1.644855     2.346164     2.825043     2.796761     2.459048     4.498557     3.740502
    2.012469     0.465744     0.155023     1.283628     1.773125     1.866927     2.600793
    2.573986     4.169294     0.974192     1.604704     1.767209     3.433807     4.081914
    1.635700     1.709410     2.422106     3.611196     3.808894     3.004771     3.276773
    1.962404     1.020847     1.421764     3.192087     2.161595     1.255553     2.894968
    0.968502     1.035704     1.705654     0.997254    -0.529726     0.250175     1.098059
    1.508360     2.522395     3.723101     4.396946     5.162593     5.960032     5.658893
    1.639631     1.332441     1.371994     2.290959     4.198366     2.736200     2.411327
    2.171980     2.032157     0.774697     1.225232     1.283486     1.839619     1.325688
    0.475169    -0.660539     0.098101     0.147693     0.698351     1.797644     1.326048
    2.625788     2.748943     4.476592     3.686957     3.605200     4.197578     2.596877
    1.181951     1.064108     2.495397     2.831939     2.490449     2.345265     2.454775
    0.742126     1.345029     1.499737     1.566938     3.244746     2.856630     2.239244
   -0.642690     0.644454     1.846750     1.530843     0.335074     0.860713     2.711208
   -0.701457     0.331679    -0.420867     1.986333     2.066147     1.894733     2.050849
    3.580618     2.346452     2.873693     3.284501     3.797598     4.017045     4.540620
   -0.327839     1.230523     2.374943     2.323702     2.205670     5.645116     3.980706
   -1.196429     0.052693     1.371634     1.268544     1.705532     2.530994     3.609049
    1.762023     2.319253     2.540268     2.770485     2.435349     2.576558     1.880733
    2.017638     2.665589     3.594740     3.214058     2.683206     2.045961     2.259528
    2.727241     2.837932     0.382698     2.379796     2.828580     5.678068     4.700629
    3.646426     4.665090     5.023462     4.456133     4.013820     4.244038     3.567234
    2.034263     2.962469     2.962898     2.311987     2.515741     2.960568     3.529844
   -2.219712    -2.641054    -2.321569    -0.155966     0.540557     0.484903     0.468311
    0.938899     1.117291     1.175065     1.154459     1.116466     2.318663     3.069985
    4.111673     2.558971     2.073699     3.253928     3.776478     3.260780     4.049623
    1.216159     1.143540     1.335083     2.170728     1.443127     2.711768     1.905762
    3.340076     3.636481     3.751138     3.368424     3.835597     3.525057     3.665618
    4.098356     5.240556     2.242078     2.547146     1.930646     1.703123     2.029379
    0.239383     0.666055     1.094197     3.984023     4.848428     5.819129     6.203524
    1.334350    -0.676411     0.114136     1.812627     0.711154     0.386670     0.208059
    1.045216     2.199403     2.661521     2.535667     2.592494     2.279918     2.150142
    2.066832     1.223914     2.676339     3.279046     2.542333     2.436995     2.914581
    4.676794     2.169381     3.025459     3.448740     3.173610     2.667952     2.680478
    0.833336    -0.486657     3.074936     2.594458     2.247381     2.572383     3.008974
    0.420844     0.106721     1.548327     1.796579     0.861579     2.650599     2.738783
    0.738920     1.257131     0.128979     0.964051     1.274374    -0.534139     2.031189
    2.960944     4.129896     2.122959     2.934187     2.869488     4.021345     2.693364
    4.360137     3.718959     2.436543     2.708853     1.741374     0.096607     0.213070
    2.236175     2.016765     1.079751     2.181990     1.809875     1.499553     1.245748
    2.977133     1.405805     0.480182     1.765475     1.732587     0.644403     1.415735
    1.160925     0.453016     0.422886    -0.425754     1.703017     2.230000     0.593280
    0.552289     1.396018     3.052581     3.061936     2.624848     2.583384     2.330122
    2.516093     2.824462     2.420437     0.956981     2.111857     1.635292     2.450830
    0.864472     3.786946     3.222771     3.123396     2.732087     4.457965     4.028340
    1.560073     2.049505     2.594564     0.925985     0.421247     1.346922     2.057145
    0.823084     1.707732     1.638317     0.015938    -0.542266    -0.594920     1.497350
    0.828499     0.658966     1.723826     1.519226     1.455422     1.797326     1.989710
    0.543571     1.925726     2.666079     4.592853     5.025169     3.222572     3.346793
   -0.067530     0.314228     0.177368     2.322352     2.561665     3.590429     4.345286
    1.311416     1.674721     1.094721     0.089524     1.974480     2.768794     3.627101
    2.196533     2.204802     2.455955     2.474937     2.997963     3.402585     2.734776
    1.570866     2.131160     2.825920     0.741828     2.074027     2.140305     2.203014
    3.376696     3.749930     1.372944     0.640490     0.457138     0.186117     0.331395
    3.681042     4.561372     3.541336     3.070681     2.706007     1.585201     3.205628
   -1.267445     1.129632     1.040563     2.166285     2.055031     3.197484     4.265832
    1.305547     1.928956     1.607003    -0.245544     0.040034    -0.509219     0.172613
    0.295233    -0.131795     1.601836     1.345575     1.570075     2.313898     3.035542
    3.344983     4.850774     3.661523     3.021900     2.778391     5.677432     2.741453
    1.273605     1.770997     2.965826     3.002557     3.567386     3.077088     4.740501
    1.623696     3.723726     1.844263     3.375649     3.440392     2.472844     3.198499
    1.295090     1.412337     1.489598     0.685617     0.346202     0.688438     0.143319
    0.867201     2.360989     3.099144     1.955493     2.921359     2.318308     2.233598
    1.727469     0.698007     2.553512     2.986299     3.444811     4.719334     3.992211
    1.566703     1.701820     0.022348     2.090992     2.154870     5.300505     6.061526
    0.116378     0.548289     1.263928     0.860887     0.146265     0.067144     1.698323
    1.937904    -0.477116     2.289996     2.752652    -0.451205     1.617896     1.640584
    1.606037     2.089123     3.436010     1.641393     1.168826     1.533902     1.063747
   -0.073380     0.203832     2.147941     1.439482     1.436374     0.850490     1.554529
    2.083853     2.615580     0.698131     0.519875     1.036415     1.375348     1.695257
    0.810096     2.626329     2.322033     3.192852     2.701989     0.603643     0.808851
    1.391144     1.013224    -0.958475     1.564441     2.062684     1.285235     0.693848
    2.336883     2.237491     3.605684     4.846519     5.634429     5.692920     4.653350
   -0.238036     0.908731     1.304636    -0.392369     0.146261     2.308938     0.780270
    0.090165     0.047952     3.354589     3.335849     1.704359     2.217313     1.196455
    1.063734     0.862879     1.254553     2.482755     1.604960     0.772411     2.659286
    0.692657     0.051078     1.959979     3.351760     3.339559     3.931700     4.566264
    3.223218     1.495904     3.152279     4.130569     3.539234     4.525331     4.434811
    0.637692    -0.241294     0.041889     1.528570    -0.041452    -0.331081    -0.859053
    1.329358     1.587919     1.874460     2.976662     3.554456     2.274780     1.939276
    2.885209     2.680739     3.006559     3.604989     3.951064     1.840501     1.049369
   -0.949572    -0.938063     0.386064    -0.402916    -0.636868    -0.889817     0.267570
   -0.333842     0.534069     0.949651    -0.927754     0.320004    -0.171145     1.672369
    1.621464     1.718534     1.153808     0.603468     2.840846     1.296511     1.002077
    2.727118     2.918367     4.199996     5.129173     4.962735     5.946634     4.816146
    0.665949     1.488622     1.384837     1.751276     2.076928     3.129776     4.606869
    2.995362     3.090875     0.810034     2.514755     4.230347     3.973995     2.488151
    0.661896     2.257441     2.445133     2.643254     3.390694     3.934453     2.771591
    2.086567     3.777104     2.631328     3.394428     2.644737     2.482014     2.227511
    0.342528     1.278307     2.399331     1.228652     1.371388     2.329454     1.043300
    1.958825     1.123225     1.143736     2.433934     2.902932     5.115625     2.711555
    0.475582     0.979697     1.974478     2.204746     0.337198     1.147970     2.701049
    1.804481     2.672437     4.634907     4.641633     3.832830     3.188499     4.124827
    2.066208     3.972271     2.309076     0.625281     0.322795     0.425267    -1.044959
    1.076262     0.253195    -0.404534     2.005360     1.440325     2.757292     1.332481
    2.598279     2.639721     3.124831     3.406597     4.473355     2.878804     3.962098
    3.410711     1.008205    -0.305060     3.026091     2.796737     3.620941     2.863518
    1.140534    -0.018946     1.799591     0.607490     2.173731     1.784863     0.119536
    2.172580     2.618394     1.331151     0.041561    -0.498910    -0.028914     1.653689
    2.884075     1.985174     2.139485     3.468292     2.476191     2.190436     3.784611
    1.351433     2.328763     1.877495     2.567476     2.526249     0.849866     1.662462
    2.764498     3.327455     4.451886     3.780141     3.649359     4.658940     6.026566
    4.636166     3.620041     2.450767     1.110682     2.806481     2.847123     1.166766
   -1.348360    -2.062860    -0.442932     0.141701     1.386038     2.369256     3.230030
    1.149527     2.770554     4.409809     4.213556     3.212134     2.104589     1.165204
    1.470413     1.626490     0.752639    -0.072805     1.379929     1.133034    -1.156418
    0.029971     2.274542     3.608883     4.007267     2.733555     4.203985     4.515078
    2.694282     2.965762     3.934773     3.893885     4.744353     4.044833     3.901597
    2.607039     3.013811     2.558141     2.619678     1.128688     1.272415     3.038979
    0.046571     1.707065     0.891455     4.155225     3.663716     4.343782     5.671456
    2.414436     3.328906     2.934993     2.884094     3.632679     3.016478     4.226409
    2.387163     1.890501     0.417638    -0.057132     0.364321     0.168802    -0.513951
   -2.682821    -0.888783     0.210540     1.826575     0.800587     1.937006     3.442148
   -0.247195    -0.777526    -0.496414     0.394707     0.936736     1.655539     1.917837
    2.757745     2.506166     1.314454     1.658044     1.419460     0.417205     0.131456
   -0.367310     0.505916     1.432838     1.262636     2.044456     2.733541     2.874652
    0.373195    -0.462476     2.946842     3.142592     2.422633     1.595551     2.984762
    1.901448     1.280369     1.479946     1.264720     2.436101     2.230367    -0.415127
    1.521212     0.537199    -0.804871    -0.782056     1.438926     1.826273     3.446088
    2.707422     3.292007     3.730300     1.379151     2.659234     4.341302     6.397610
    1.681389     1.143306     3.009876     2.292493     1.309667     0.118755     0.810047
    1.810926     2.004796     1.706178     1.662820     1.327441     1.786685     2.036611
    0.485832     2.199279     1.517918     4.237930     3.769054     4.280349     2.987793
   -0.106909     0.215509     1.043388     3.133287     3.532322     1.631462     1.921038
    1.650072     2.415937     1.519910     3.363728     2.219400     1.532670     1.022191
    1.442125     0.219364    -0.108877     1.956466     2.100725     2.003193     2.527053
   -0.621782     1.023041     1.447888     1.365071     1.625237     2.087830     2.000365
    2.257224     4.005185     2.250613     2.316209     2.397872     2.376355     3.298879
    0.744814     0.468363     0.579906     0.494518     2.292742     1.354855     3.404499
    1.225025     1.920858     2.613968     5.086505     5.871377     5.899029     6.399076
    2.428126     3.216707     2.582423     4.434744     2.008718     3.002450     2.479334
    1.263621     1.880872     1.440389     1.490585     0.650119     0.981855     3.176212
    2.567368     2.265427     1.628910     1.984975     3.128676     3.494903     3.525973
    4.123942     4.273770     4.263715     3.466498     3.869885     3.964331     2.932171
    1.806719     0.550979     2.148847     1.378813     0.975698    -0.188854     2.333470
    1.582344     1.075223     3.062109     0.586753    -0.406532     0.527622     1.704287
    3.444900     2.030604     2.522065     3.268039     3.843988     3.420921     3.139334
    1.962612     1.988342     3.636455     2.266352     3.415992     2.049994     1.256135
   -0.700672     2.847329     2.617496     3.473522     2.915084     2.396985     4.239744
    0.602259     0.987362     1.297018     1.069725     1.377448    -0.320537     0.572077
    2.299478     2.403560     1.333259     1.128345     3.341799     3.730862     4.046038
   -0.086476     1.352598     3.599421     2.217973     3.475801     5.026867     4.905190
    2.223523     3.506875     2.469900     1.122337     1.009751     2.413164     1.285152
    1.170924     1.269880     2.026739     2.280017     2.920410     4.281644     4.473299
    0.352953     2.216238     2.406676     3.355470     3.255285     2.113433     1.172190
    0.867312    -0.305794     0.089615     1.906910     0.980043     1.712900     2.575792
    1.373579     1.608164     2.202989     0.752676     1.743936     2.468358     2.123704
    2.911586     1.976614     1.108481     2.014162     3.243938     3.475527     2.879499
    2.217830     2.034810    -0.178632    -0.212976    -1.141003    -0.387725     1.171831
   -0.532959    -0.777966    -0.575048    -0.216398     1.017080     1.261498     3.777598
    3.952259     2.505280     2.701190     3.404036     1.466072     2.530189     2.674807
    1.252561     1.870437    -0.111807    -0.663527     0.235186    -0.631660     0.290977
    1.175072     1.141634     1.026975     0.785891     1.150295     1.459077     0.896455
    0.256965     0.968989     2.628582     4.162130     3.500093     4.114007     4.465389
    0.139657     1.368963     2.371348     3.393779     2.270712     2.243949     4.463579
    3.282883     0.912951     1.802164     0.110147     0.492031     0.210571     0.997313
    0.153520     0.246669     0.517286     0.095234     0.723143     0.061744     1.332513
    3.028235     3.519234     2.603200     1.463786     0.969451     1.648171    -0.098805
    1.028203     0.100089     0.401780     2.140440     2.065922     2.663437     3.967070
    1.025303     2.785474     3.840975     3.720559     4.246366     2.433831     2.454668
    3.015809     2.507376     2.330644     2.548259     3.802451     4.378607     3.765520
    1.634656     2.346251     1.303109     1.866729     1.894444     2.313272     2.562853
    2.752596     2.775286     3.037948     3.311159     3.108132     1.166636     2.015609
    2.225435     2.852463     2.408114     1.983237     2.724949     3.463825     4.694313
    3.235641     4.918585     4.642658     3.726770     4.059838     5.034458     4.370873
    2.797919     2.875916     2.763103     2.786377     4.071531     4.240752     2.753016
    0.044560    -0.152594    -1.096686    -0.127252    -0.187910     0.976907    -0.951289
    3.825107     2.420915     4.608195     4.456748     3.715889     3.177284     4.010535
    0.110447     0.781615     1.043316     1.207074     3.942428     3.452296     2.466244
    2.312931     2.562760     2.204595     2.968076     1.746342     2.697209     3.199029
    3.436405     4.257638     4.146587     3.893475     4.861396     4.644519     4.195292
    1.436300     1.479235     1.730331     1.988940     1.751958     1.312214     2.950888
    0.857762     2.734458     2.892328     3.292759     1.871820     3.286293     2.474648
    0.874462     1.860082     1.350952     2.260832     1.722974     2.056637     1.342043
    2.608503     1.906781    -1.018680     0.080662     1.622390     2.076847     0.734412
    3.726727     3.786560     2.155123     2.201154     2.144548     1.405329     2.033194
    1.577733     1.462509    -0.027071     0.924519     0.417875     0.991408    -0.371538
    2.530908     1.508782     1.506853     1.282620     4.463664     4.464632     4.464835
    1.671422     1.918770     0.440395     1.113382     0.859904     2.334046     2.532900
    1.333809     0.614568     0.600707     1.243324     1.730874     3.574887     2.280080
   -0.156382     0.769597     0.677844     1.594066     0.778501     1.578689     0.804789
    1.979464     3.266665     3.093731     3.092618     3.795726     3.107017     3.526502
   -0.422817    -0.167295     2.455088     1.206127     2.067483     2.840899     3.754727
    1.455688     1.096419     0.032161     0.461850     1.264607     2.377470     1.731231
    4.085408     3.336033     2.756709     1.793159     1.818737     1.885569     0.702889
    1.768335     1.255103     2.236682     0.730186     0.268811     1.081834     1.303380
    1.745545     1.200280     0.531425     0.722935     1.450926     0.863864    -0.163497
    1.792305     1.804556     1.918733     1.361910     0.869893     2.186036     4.262498
    4.027497     5.529638     5.807237     5.071978     5.718252     5.231790     6.110858
   -0.056582    -0.117273     1.009327    -1.885444    -0.715692    -0.237455    -1.920608
    2.158788     3.406438     2.575915     2.775706     3.161702     3.268949     2.797228
    1.589322     0.046175     1.757752     1.012408     2.923657     2.874070     2.961971
    0.977396     2.414350     1.892722     1.392335     1.766618     1.387277     0.867362
   -1.299515    -0.751009     0.851689     1.564794     2.887882     4.062750     6.637426
   -0.112881     0.278134     1.307922     1.958674     1.704020    -0.124278     1.914768
    0.767073    -0.176980    -0.633547    -1.191164     1.468647     2.305195     1.132469
    0.791707     1.200379    -0.251290     1.799545     2.339852     3.032108     2.453356
    1.672448     1.821803     1.006534     2.718089     2.749784     2.419092     3.196879
    3.204057     2.964916     2.357658     2.444885     4.324317     5.137333     5.222188
    2.373724     3.064164     3.476745     2.536452     1.562526     2.432097     2.599811
    1.441058     1.878755    -0.789428     0.467218     0.152082     2.642993     3.095361
    1.401274     3.207575     3.446613     0.385379     1.825138     2.045084     2.527156
    2.630138     3.432053     2.348827     1.252241     1.696438    -0.488524    -1.535431
    2.394290     1.196973     1.718028     2.070148     1.792195     0.592855     2.135623
    3.018660     2.210416     2.841625     1.931875     0.731022     2.044935     3.660899
    0.722480     0.804165     0.081200     1.874542     0.344592     0.719051     1.797836
    0.731073     0.954039     2.450470     0.506753     1.906730     2.054749     2.715921
    0.784184     2.030934     2.499948     1.655757     1.625623     3.340150     4.760942
    1.720490     0.670384     2.021833     2.526090     1.883446     1.225937     1.195120
    3.147520     2.206142     2.661151     2.881712     1.504337     1.607856     3.756509
    2.801597     1.424370     0.332368     0.524725     0.540576     0.124136     0.649371
   -0.374107     0.477506     1.249396     1.491782     1.746139     2.873869     2.370484
   -0.759801     0.145551     1.456615     1.252313     1.052646     0.369307    -0.114867
    0.046139     0.758920     2.436498     4.724245     4.139411     2.870664     2.759757
    2.370190     3.482326     3.681125     2.443359     0.741030     0.536785     1.951518
    1.183085     0.134074     0.969471     0.488842     1.524205     1.473626     2.411141
    0.653958     1.135087     0.245031     3.055718     1.691411     0.903278     1.068992
   -0.240642     0.597625     1.419930     2.984307     4.072487     3.458381     3.293340
    3.509860     2.404497     2.309138     3.314693     3.085992     2.972898     1.484767
    1.359405     0.994460     3.246842     3.371634     3.715664     4.536546     5.327530
    3.664140     2.646472     1.610640     2.535847     1.623471     1.104023     2.164615
    1.447223     3.495338     2.905363     2.190312     2.471904     2.114666     3.076157
    3.856985     3.569171     3.918310     2.721433     3.413529     3.932047     4.017166
    0.480765    -0.295247     0.698879     0.584096     1.937862     2.944795     2.513523
    2.686270     2.065074     3.169623     1.850609     0.598581     1.406275     1.579524
    0.581388     0.748319     0.643493     0.700402     1.659264     4.059782     3.601965
    3.268998     3.967188     1.926407     1.666349     5.288915     4.650022     3.309018
   -0.377624     0.205176    -0.642553     1.568735     1.906722     3.236983     2.993119
   -0.467066     0.955613    -1.293631     1.049414     1.197224     1.267905     1.951297
    3.054751     1.867629     2.533017     2.694071     2.275716     2.459665     2.892719
    1.852489     2.153859     1.763253     3.263216     1.965026     3.068258     2.884644
    0.324995     2.397849     1.854376     2.003557     1.143437     1.903732     1.580034
    1.822223     2.641091     1.674590     2.218565     1.769278     3.257655     3.971176
   -0.167776     0.545364     1.391942     1.786406     2.463102     1.271626     0.779705
   -1.435222     0.166994     0.088924     1.198166     2.399249     1.812716     1.917020
    1.051748    -0.058006    -2.033406    -0.631746    -0.874740    -1.810797    -1.884245
   -0.765133     0.220812    -0.587123     0.823044     0.996594     2.555561     2.672422
    1.122378     1.801035     2.810296     1.704280     2.805783     3.391471     0.850019
    0.811533    -0.889312    -0.892962     0.555210     0.535851     0.595786    -1.192825
    2.686255     1.907707     1.434498     2.311263     2.620710     3.736455     2.335566
    3.735324     4.467891     2.107155     2.839430     2.683075     2.865104     4.517495
    0.544849     0.147609     0.446017     0.472000     0.665713     0.818840     1.177378
    1.408795     1.607959     0.028616     1.193313     2.501900     3.393872     2.735223
   -1.725817    -0.198284     1.150149    -0.062111     0.426545     2.070644     1.244410
    0.978532     2.419920     3.007323     1.500225     2.024813     2.604755     2.496595
    4.108896     2.835406     3.142380     1.797066     1.873476     2.030039     2.577890
    0.545422     0.479494     3.245654     4.342769     4.412590     2.882802     4.576235
    1.743247     1.667536     1.183264     1.311007     1.658630     0.147946     0.084548
   -0.358723    -1.755283    -0.932875     0.764042     0.756852     0.721938    -0.541135
    1.217921    -1.453770     0.248752    -0.327667     1.058425     2.156446     1.289804
    0.813688     0.102138     1.055932    -0.481239    -0.750908    -0.093505     0.794949
    0.591932     0.841152     0.977945     0.496117     0.649864     1.073272     1.666236
    4.212617     3.487148     4.162022     3.748098     3.631166     4.732259     5.396441
    0.001837     0.427027     0.384777     0.743112     0.260295     0.624087     0.143719
    1.958467     0.549109     1.058882     0.476231    -0.097014     1.280470     0.890158
    1.764436     0.083133     2.270993     0.085785     0.552546     1.032127     1.691467
    1.433779     0.663446     0.478701     0.204793     1.496097     0.507364     0.424334
    4.484601     1.126096     0.876195     1.697944     2.238038     1.474007     1.778481
    1.815193     1.888115     1.757537     1.991295     3.223397     2.081903     3.300324
    1.019570     0.072172     1.963519    -0.228008    -0.701996     0.100238     0.238003
    3.655413     4.966400     2.661174     3.393143     3.360898     2.698717     2.126296
   -1.656957    -0.370752    -0.013510    -0.579567     2.010768     2.199014     1.705839
    1.661157     0.920320    -0.208826    -0.134044     0.736142    -0.480816     0.416977
    1.855722     2.746038     1.334811     2.289797     0.752552     1.586338     1.179428
    0.937290     3.006149     4.308897     4.936145     4.661716     4.786181     4.044180
   -0.411463     0.006393     0.895829     1.380053     2.635850     2.379066     1.761507
    1.216398     0.317231     1.149105     0.060805     0.943850     1.948634     1.848567
    0.135557    -0.475581    -0.124305     0.295907    -1.469612    -0.213638    -0.213226
    1.873506     1.246708     1.737421     2.424813     2.787316     2.096085     3.335899
    2.913121     3.266036     3.064324     4.015000     3.014078     1.202206     1.676944
    0.715452     1.232732     1.786749     3.096534     1.370900     0.409148    -0.507128
   -0.954102    -0.096413    -0.501520     0.413560     0.939192     0.860795     0.134597
    1.753920     2.763290     3.098795     0.826250     1.206710     0.486143     2.006495
    0.896539     1.348957     0.347849     0.515630    -0.467535     0.027013     0.506919
    0.865820     1.108604     0.957666     1.172266     0.905035     1.195242     0.954583
    0.827080    -0.999244    -1.162088    -0.700155     0.205509     0.802826     0.123138
    3.093127     0.806497     1.516967     0.776240     2.562213     2.941519     1.554281
    1.051537     1.417651     0.926471     1.453082    -0.004563     1.670208     3.503301
    2.419926     3.168821     4.129497     2.607258     1.862341     4.043475     2.723169
    1.122056     0.365577     1.413062     1.063235     0.669565    -0.673619    -2.568023
    2.191453     1.436620     0.732102     2.093075     1.075320     1.631355     2.434430
    1.510847     3.305886     1.992962     4.158512     2.746416     0.819125     1.005549
    2.845628     2.877163     2.093961     1.115978     1.121531     2.006952     1.590188
    1.367724     1.159728    -0.193409    -0.810012     0.147050     0.084325     0.406753
    0.727199     0.371936     0.539921     2.104018     1.398721     1.319167     1.319241
    1.692982     2.689130     2.063247     1.654308     2.935500     1.726536    -0.095885
   -0.100125     0.033317     2.027033     2.418192     2.850400     4.208454     3.096245
    0.098966     1.246697     0.598556     0.110854     0.938089     1.654226     3.185742
   -1.065538    -0.317317     0.941387     1.706036     1.877432     0.936742     1.584102
   -1.437437    -0.738517    -1.534636     0.152755     2.673215     2.726253     3.443777
    0.333102     1.643031     1.019128     0.915326     1.133618     1.310654     0.755127
    4.511915     4.584475     4.768736     4.245658     5.321160     5.433406     3.593838
    3.333454     2.792418     2.635073     2.755857     2.199537     2.617761     2.971902
    2.187104     1.613418     1.607299     4.150411     4.317447     3.612404     4.012227
    0.405534     0.913167     0.999309     1.295737     3.120955     3.164533     3.120877
    1.954714     2.789607     2.660074     2.737061     4.205093     2.644462     1.853363
    2.044671     2.481063     4.016317     3.516761     2.419753     3.275338     2.156073
    1.501566     1.325470     1.178749     1.698673     0.903310     2.389848     3.544245
    0.833566    -0.762019     1.236856     2.023076     1.713034     1.779158     3.020270
   -1.896071     0.115387     1.193490    -0.331079    -0.404744     0.428780     0.127523
    1.011285     2.138679     2.235098     2.873335     2.359833     3.649659     3.782983
    2.836013     1.717043     2.399650     2.983617     3.227057     3.785418     4.628494
    1.286317     1.128236     1.403830     2.254637     2.222404     2.654378     1.904364
    0.836427     0.753468     1.197841     0.633770     0.820598     0.059146     2.254363
   -0.242813    -0.003325    -0.412860     1.339955     1.340582     3.455571     3.145512
   -0.511203     2.690216     2.567014     2.611574     2.569076     3.453196     5.692644
   -0.369359     1.087391     2.121401     3.418813     3.425854     2.854064     3.232845
    3.163887     2.969778     1.972322     2.012381     3.330421     3.033955     1.084215
   -2.568985    -0.373765    -0.659501     1.482359     1.796054     2.376307     1.360440
    1.181177     1.646394     0.449839     0.460022     0.431631     0.322100     0.936886
    2.759109     3.869559     4.428868     2.347081     0.811859     2.388150     2.163698
    2.649293     1.675322     1.316594     2.757282     3.578710     3.729886     1.376682
    2.020310     1.686737     2.202695     0.703099     0.180607    -0.253974    -0.078860
    2.684592     1.681536     1.928935     2.529010     1.066862     2.260852     1.013559
    0.723693     1.964534     2.265492     2.701516     1.494578     1.586151     1.481500
    0.216779     0.198720    -0.731101    -0.336505     1.599909     2.078631     1.709147
    1.279025     0.505380     1.866672     1.654822     0.191025     2.110022    -0.302267
    2.124314     3.192467     3.255656     2.869663     4.022056     2.928742     1.979030
    2.430050     2.029564     1.225906     1.829067     3.514733     2.885605     3.867419
    1.483953     0.721474     2.733302     2.501394     2.620743     2.869062     3.523055
    1.883918     1.743015     2.322420     1.267220     2.018891     1.624823     1.582225
   -0.400275    -1.597086     0.478558     1.748628     2.768999     2.047060     2.750717
   -1.301248    -0.164266     0.611462     2.114868     2.383732     3.459751     2.398420
    0.097803     0.394453     0.568293     1.095615     0.789004     1.525480     1.479278
    2.544154     3.595695     2.810690     3.059142     3.931195     4.387153     2.039830
    1.239004     1.534130     1.190025     0.513756     0.781526     0.923272     3.103720
   -0.875015     0.169102    -0.220232     2.419724     2.697496     3.007688     3.218209
    1.221700     0.523771     1.200648     0.269222     0.771215     1.103161    -0.136592
    1.083122     2.231241     1.888855     0.786945     1.816792     0.207782     1.389453
    0.063667     0.855255     1.853667     0.406151     2.436806     0.021906     0.388804
    3.331756     1.488672     2.871977     2.586009     0.973105     1.902482     3.124237
   -0.311602    -1.378342    -0.196482    -0.722891     2.154765     1.049704    -0.035121
    1.239275     3.303355     2.599232     2.235301     1.903301     2.417589     3.020547
    2.929052     2.668286     3.042425     2.427870     3.064864     2.935030     3.208067
    2.435475     1.812400     2.402103     2.496819     1.630154     1.038866     1.537917
    1.641662     1.553292     1.986898     0.877342     2.947883     2.822378     2.150112
    1.159624     1.426726     1.722496     2.380611     2.142945     2.152473     1.918776
    0.560239     0.406203     2.813901     1.862022     0.085174     1.290155     0.264425
    1.533120     2.968108     2.346936     2.005784     3.687434     5.262334     6.110298
    1.978405     1.233751     1.539556    -0.564938    -1.483527    -1.315335    -0.995368
    0.778818     1.266652     2.533967     3.743807     2.999226     2.994123     5.483462
    2.476118     2.250257     1.445848     0.985301     2.885437     3.315260     2.335943
    1.885365     0.836166    -0.701833     1.438462     2.089507     3.179235     1.893761
    2.643821     2.106687     1.515391     1.792833     0.404120     0.279510     0.625147
   -0.692574     0.124133     0.079255    -0.145400    -1.250295     2.096879     3.105006
   -0.619623     0.576779     1.249710     0.373363     0.811227     2.175819     1.775028
    2.877289     0.492813     2.076243     3.115591     4.409994     4.583968     4.498154
    2.398508     1.118733     2.661845     4.620941     4.126295     2.285646     3.509235
    4.216698     2.724353     2.027762     1.956353     3.777880     3.177884     4.363572
    0.448633     0.889790    -0.409717     1.016346     2.582194     1.974364     0.857125
    1.934551     3.565969     2.209986     3.051679     1.899231     1.482692     1.114162
    5.498525     4.410424     3.229714     3.594799     1.493850     2.535611     2.178101
    1.400033     3.223110     2.975239     5.117139     5.365537     5.360621     4.843049
    0.172854     1.454235     1.383491     0.916136     1.376967     2.530270     3.261593
    0.747043     1.766195     0.908890     1.520128     2.604401     2.767157     2.515156
    3.466170     4.407180     4.722940     3.038807     2.880322     3.919595     3.332170
   -0.653688     2.527477     1.132196     1.506904     1.720512     0.539819     0.094016
    0.778026     0.370226     0.161064     0.205677     3.138279     2.895347     2.927434
    1.011733     0.156906    -0.596599     0.580798    -0.235599     0.352834    -0.425691
    4.054699     4.957720     4.348175     5.774556     4.185992     4.273817     5.988486
    1.795703     1.009291     2.198671     2.849965     3.029523     3.948941     1.206132
    0.146561     1.060785     1.671270     2.291095     3.617764     2.289085     3.245491
    3.899130     2.763935     0.370843     1.332223     1.450018     4.362551     3.474277
    0.252652     0.345548     0.199051    -0.261261    -0.755662     1.874597     1.962993
    1.812875     1.914861     2.970682     2.907819     3.352513     2.483445     2.684369
   -0.353205     0.107354     1.135771     0.173541    -0.455974    -0.825410     0.243007
    2.085870     2.095852     3.776265     3.140706     3.810779     4.272497     6.785712
    0.853867     0.427764     3.506446     2.495259     3.171508     2.921395     3.833664
    0.680162     0.849360     2.992715     4.571831     2.315632     1.459313     0.500399
    2.921583     2.500516     2.532769     1.980967     1.806831     2.268027     1.247672
    1.227023     1.800808     0.450885     0.026656     2.423567     0.497688    -0.427719
   -0.179956    -0.522465    -1.676567    -1.111716    -0.407487    -1.496223    -0.511662
    1.539716     0.373893     0.065523     1.030641    -0.633711     0.953297     0.816002
    3.046567     3.528005     2.230233     1.265994     1.704828     0.691667     0.348259
    2.265188     0.659071     2.605692     1.453805     2.384709     1.540230     1.894261
    0.758420     1.530564     0.737556    -0.201898    -0.395895    -0.549714     0.646427
    3.127246     5.171200     4.049516     2.043491     2.393860     1.745478     1.611423
    6.026288     4.213133     4.048968     4.796078     5.549092     4.471459     6.069451
    1.110516     1.750393     1.230065     4.820058     4.241137     3.765842     3.120033
    1.479023     0.971563     1.184184     2.563553     1.997282     2.571579     4.627467
   -0.088795     1.978050     2.411007     2.741587     1.594901     2.424133     3.118933
    3.969407     2.560347     1.360081     2.423727     0.198788     0.740358     0.594269
    3.868383     4.210403     4.729323     6.038394     4.970425     4.101949     4.271169
    0.813326     3.033840     2.903672     2.366945     2.553104     3.022132     1.740612
    2.889761     1.693341     1.730958     1.018612     0.111627     1.688414     2.846548
    1.845385     0.639336     0.549810     2.128013     2.301030     2.034602     2.717803
   -0.557267    -0.304322    -2.117632    -0.886092     0.170517     0.433613     1.722511
   -0.646409     0.037409     0.304040     0.750359     1.423294     0.310148     1.002367
    0.475097     0.788337     1.444625     1.749158     2.160620     2.550682     0.615162
    2.084426     2.631613     2.090942     3.463703     3.736588     4.076757     4.465603
    2.551744     1.224041     2.649961     2.654295     2.285405     2.382391     1.354260
    0.188695     0.611636     2.189189     3.830665     2.612636     2.160784     1.410453
    1.075436     1.309793     1.385653     3.179513     3.528990     3.918625     4.991357
   -0.167721     0.729161     1.418515     0.576326     2.517115     4.310641     4.173088
    1.539643     2.246310     1.208814     0.781281     2.342321     1.054933     1.981677
    2.175984     1.202016     1.870846     3.693862     3.998445     3.670822     2.888069
    1.980313     2.265667     1.267632     0.790805     1.052077     0.374697     3.658046
    0.817972     2.230535     1.901140     1.008695     0.627612    -1.028736     1.493517
   -0.085262     0.729568     3.393048     2.519844     2.146053     0.691788     1.313050
    0.216585     0.995417     2.281838     2.432145     0.636093     0.717213     0.077324
    1.414715     1.034941     1.767889     1.784603     0.903202     2.057992     1.920055
    2.677713     1.815130     1.372025     1.473459     2.652418     1.944356     2.549326
    0.510479     0.151089     1.458918     2.307260     3.931107     4.108219     3.570039
    3.494247     4.318920     4.857836     3.340422     3.504888     4.165836     4.251449
    1.649686     2.164851     1.321613     1.134004     1.380103     1.771620     3.129611
    1.486230     0.470199     0.042720     1.060413     1.745568     2.266621     1.647433
    3.200901     2.920144     2.508144     1.370841     3.154990     2.196099     2.148694
    1.849030     2.224148     2.303518     1.429680     2.526145     3.539415     3.779662
    1.397713     2.739260     1.143355     0.720054     2.937549     3.594790     2.412698
    1.957338     0.680650     2.669263     2.089793     1.750936     1.630332     2.332466
    2.054355     2.850122     2.132790     2.655722     2.271040     2.174467     1.754320
    0.951391     0.581778     1.056388     0.532829     0.134931     0.874289     1.995538
    1.618411     0.952687     3.702503     3.069616     2.846990     2.721631     3.348234
    0.656805    -0.675260     1.029227    -0.082944    -0.627306    -2.403389    -2.777946
    0.152444    -0.262947     0.089692    -0.789069     0.793239     2.215105     2.716699
    0.753263     0.453881     0.068779     2.169045     2.046370     3.920235     4.679583
    0.815626     1.939032     2.537839     2.764226     2.941366     1.556476    -0.275766
    1.550255     1.191303     0.196512    -0.873481     0.177077    -0.377293    -1.363648
   -0.758210     0.341387    -1.085139    -2.393622    -2.402336    -2.251797    -1.946223
    3.571378     2.443899     3.833269     3.984627     4.271732     4.865097     3.103100
    3.339098     1.470013     2.198351     1.400563     2.017568     3.865774     3.177231
    4.035190     3.434265     4.982027     2.376435     2.173995     4.821075     4.656678
   -0.887489    -0.151928     1.792011    -0.404285     0.291800     1.168153     1.841925
    1.633365     1.466044     2.004861     3.510961     3.187920     3.795241     3.872369
    2.416173     1.983898     1.506480     0.505950     0.968153    -1.120417    -2.376491
    2.183695     1.696383     2.554930     2.748639     1.820084     1.795361     1.891655
   -0.371634     0.277193     0.990337     0.821644     1.405477     1.754925     3.096101
   -1.313372    -0.019537     1.993347     3.955642     3.328563     1.631780     1.182831
    2.513055     3.879368     3.905944     4.957633     4.119930     3.511837     3.339248
    2.313495     4.210768     4.610091     4.836226     4.961173     6.315453     6.884177
    2.348687     1.888612     2.196138     3.423112     4.069669     4.138628     3.880102
   -0.353009     0.840760     2.413552     1.718704     0.643927     0.703348     0.407721
    2.633364     3.139465     3.375482     3.277081     1.343541    -0.240526     1.282373
    0.303377     1.592810     2.955731     3.157719     2.968742     3.416198     4.358375
   -0.358101     0.622116     1.432744     0.911506     3.159650     3.885690     3.215458
    1.094276     0.210011    -2.307078    -1.394119    -2.026302    -1.119290    -1.043523
    2.199749     2.200490     2.256081     1.251121     2.570001     2.125972     3.380526
    2.111336     2.607502     2.782530     2.864887     2.794920     2.211685     2.989001
    3.127928     1.139095     1.147327     2.080153     3.402173     4.561480     6.441143
    0.728660     2.058329     1.987762     2.406923     1.802771     3.058067     2.669390
    1.533851     2.641433     3.960347     4.907316     4.254193     2.813124     3.661768
    2.342736     2.233447     2.532052     1.312200     2.546831     2.481504     2.980395
    1.095389     0.489569     1.148506     1.894243    -0.126708     0.615806     1.890006
    1.658299     0.987379     1.043862     0.727162     2.278161     3.122844     2.611400
    1.599090     3.506941     3.905064     2.133664     2.758548     2.290615     2.353360
   -0.355278     0.898088     0.414567     2.594682     3.336102     3.722133     3.009694
    0.939787     1.252287     0.461576     1.904792     1.667986     0.916002     0.567665
   -0.283817    -0.210058    -0.065312     0.080749     1.292995     1.626359     0.807496
    0.714099     1.167429     2.385415     1.985023     1.845574     1.705274     2.772424
   -2.489002    -0.201314     0.868860    -0.586090     0.512194     1.355263     1.500599
    2.407841     2.522949     2.714811     2.119593     1.412271     0.073052     0.634875
    1.575110     1.313240     1.419253     0.412533     0.558524     0.349079     0.388311
   -1.064136    -1.651871    -0.669849     0.430540    -0.058688     0.499431    -0.199559
    1.641961     2.309120     2.579353     4.066000     4.349547     4.610234     3.784069
    4.955245     4.650470     5.605751     4.702674     5.377121     5.330172     5.819146
    1.676723     3.249314     1.614376     1.190704     1.805765     1.382955     2.646236
    1.844052    -0.539250     0.122942    -1.158891    -0.244887    -1.204846    -1.633795
    1.573522     1.356422     1.643323     3.748649     2.059871     0.740292     0.884569
   -0.614051    -0.013357    -1.255059     0.494453    -0.838140    -0.274572     0.892834
    2.838849     3.579435     1.715457     1.622229     1.552111     2.669109     3.406745
    3.402405     3.657599     3.848445     3.764188     4.375304     4.980646     4.869486
    0.947616     2.442069     1.039011     2.835614     2.716806     3.025644     1.631464
    2.724629     2.451778     2.057618     3.322543     3.283637     2.654383     2.525754
    3.864343     4.262493     2.619094     2.444160     2.822556     3.219096     2.660307
   -0.812797     0.225815    -0.576301    -0.898768     0.202172     1.822656     1.373673
    1.322903     1.696816     3.655463     3.223553     3.316942     4.034787     3.238244
    0.415201    -0.971537    -0.146574     1.856823     3.632981     4.277014     3.693705
    1.693125     0.857377     1.116969     0.176138     1.167665     2.008581     2.520596
    0.955423     1.607045     3.396541     1.604189     1.637812     3.787297     4.009574
    4.389639     4.620285     3.259959     3.980430     4.049066     3.367673     5.556051
    1.064469     1.380625     1.729893     2.155415     2.865438     3.557596     3.734749
   -0.557582     1.323114    -1.286920    -0.848638     0.923944     0.421750    -0.202060
    0.472462     0.163624     0.075084     0.290084    -0.383999     0.515557     1.751270
    4.051029     2.503048     1.537770     0.759031     2.775915     3.764993     5.355243
    1.242587     0.105488     1.448839     1.692981     2.257015     2.063894     1.804580
    2.577359     2.376006     3.347961     1.768877     1.845784     3.221150     3.171888
    2.005034     2.049763     0.669860     0.397289     1.939081     1.151354     0.170818
    3.811803     3.494762     2.237074     2.271735     1.052834     2.322763     1.023643
    0.428812    -0.107744     1.581310     0.631211     1.381729     2.314136     3.398786
   -0.390337     1.501735     0.885850     1.960717     2.314604     1.460651     1.320128
    0.283115     0.701678     1.485855    -0.400552    -0.501033     1.049496     1.665666
    1.378046     1.629835     2.335202     1.203999     1.428200     2.959731     3.400682
    1.928748     2.092625     0.111143     2.049517     3.521219     2.363820     1.577367
    0.067460     0.379042     0.288853     0.961693     2.592442     1.961652     0.908095
    2.514688    -0.103237     0.791441     0.263411     0.095163     2.063830     1.249428
    0.756408     0.540464     0.100078    -1.459203     0.127681     0.140018     1.414516
    1.134936     1.010480     2.509015     2.243887     4.112550     4.217958     6.153914
    0.935848     2.802279     1.425384     2.720193     3.825787     4.301887     5.808880
    0.342283     1.528039     1.306631     1.310043     0.386766     1.708848     0.973244
    2.318919     2.470343     1.643881     2.941480     4.176759     4.680617     1.281723
    3.812738     3.032230     4.330050     4.668027     4.660962     6.192928     6.125821
    1.548437     2.448186     1.357715     3.802059     3.159188     2.053214     3.317966
    4.405498     2.461503     0.587884     1.609724     2.707022     2.055570     3.329556
    1.310775     1.345048     0.375824     1.860487     1.584214     1.184142     2.051458
    2.476081     1.864868     1.630617     2.087488     3.121124     3.046421     1.809936
    3.166715     2.888702     2.016841     2.446244     3.800632     3.382949     3.709025
    3.440022     4.770703     6.130935     5.382674     4.868106     4.133424     3.833647
    0.682378     2.800689     2.873704     0.896114     1.427680     2.238493     2.313909
    3.994495     2.991948     3.610452     4.545922     4.778658     3.653723     4.005434
    3.076207     2.146145     1.368783     1.785315     1.268444     2.044742     1.385430
    0.666258     1.577703     3.350194     2.522711     2.723750     2.266042     1.486545
    1.503724     0.663745     1.855484     1.620397     2.626159     3.189590     3.269810
    2.202486     2.933813     3.778774     3.664491     4.071912     3.959177     3.599944
    2.801666     2.762313     1.396726     1.346753     2.607840     2.306256     2.995921
    4.288240     2.760988     3.891622     2.834660     4.844508     4.226638     3.197883
    3.050116     2.692379     3.063819     1.974963     3.507926     3.181605     2.659018
    1.142242     0.100325     0.439445     0.964715    -0.270253     0.710977     1.362518
    2.148949     3.304276     2.255711     2.677437     1.356578     2.448556     4.059675
    2.213802     1.293011     1.756517     2.414680     2.703185     2.717241     1.862911
    2.284916     2.774939     2.077834     4.222676     2.807221     2.392178     3.032157
    1.183450     0.605344     0.588093     0.152632     0.595995    -0.971965    -1.401649
    3.042872     1.753154     3.209163     2.235431     2.104059     2.816454     3.462368
    0.123623    -0.146095    -0.040914     0.973015    -2.631651    -0.762232    -1.185428
    1.267519     1.961649     3.847003     3.497211     1.436259     1.655661     1.461442
    1.028545     2.864826     1.119220     3.943152     3.510326     2.858153     0.468934
    0.278493     1.450007    -0.243408    -1.135273     0.262282     1.818876     1.411513
    2.107822     3.475318     3.460492     4.362953     2.402203     3.283732     3.807024
    0.943494     0.164630    -0.648054     0.147728    -0.326985     0.404436     1.610247
    5.159601     2.512713     1.889725     2.579899     3.021186     3.206872     4.272549
    1.579808    -0.601113     0.620629    -1.446426    -1.305815    -0.518561    -0.951751
    4.569979     4.345931     3.856325     3.320914     4.265705     5.022654     6.442981
    1.872299     3.115035     3.267684     2.091765     2.862552     5.459582     3.108127
    0.423060     1.048764     2.177114     2.765360     2.694217     2.345289     2.609979
    4.419828     3.080345     3.148513     3.281567     3.113796     3.805321     3.884506
    0.674238     1.576362     1.852252     0.893922     2.556095     1.589657     3.422664
    0.554530     0.951499     0.344097     0.688606     0.126025    -0.859636     0.938674
    3.435083     2.698442     1.277266     2.943416     1.864011     1.183152    -0.574139
    1.077497     2.240898     3.474770     1.963684     1.999891     2.439342     3.038251
    3.732431     4.121489     4.465357     6.549667     3.776550     4.213018     3.568786
    1.708962     3.197187     2.666831     5.151328     5.049998     4.101176     3.930161
    1.500213     0.889553     0.786112     0.912077     3.025392     1.655442     2.558467
    4.997268     5.119505     5.281094     4.114930     5.291350     4.871484     5.538127
   -2.004553    -0.545767     0.245098     0.904528     2.353755     3.129957     2.451995
    4.394468     4.663853     4.842535     4.823147     3.769659     3.719312     2.983855
    3.103896     1.465110     0.981829     3.089287     2.937803     3.427818     4.862836
    5.469862     2.931707     3.125794     2.396893     3.221358     1.504161     1.181677
    2.241730     1.664691     0.391269     1.173311     1.301124     1.575612     1.726412
    3.361368     1.914610     2.838519     2.585347     0.722281     1.409828     2.916394
    3.761085     2.567842     1.669820     2.175707     1.641806     2.652986     3.268450
   -0.901665     0.422832     0.576593     1.952909     3.018382     2.888904     2.068717
    0.718444     0.777067     1.538119     1.123995     1.568400     0.683810     1.685258
   -0.670865    -0.960142     1.231124    -0.296142     1.801320     2.434808     2.284218
    2.217804     0.915719     1.850706     2.096673     2.097625     1.730647     1.437355
    3.337423     3.483403     2.277108     2.112528     1.113901     0.007056     0.176496
    1.533529     1.853732     2.699632     2.971273     2.866472     3.130360     3.954624
    2.981317     2.294038     2.008406     1.026069     0.450051     2.321275     4.233822
    3.574800     2.283097     2.246199     3.166843     2.458467     3.965114     2.369054
    2.499320     1.853863     1.065623     0.336227     0.544249    -0.383692    -0.127226
    1.629497     2.487076     2.206743     2.130662     2.266417     1.853554     0.199824
    0.760749     2.832269     3.459296     4.754304     3.374271     3.095578     1.240062
    3.811051     3.359016     4.154915     4.997829     5.805753     4.366779     5.964659
    0.060467     0.372274     1.252751     1.422547     0.936303     1.467684     2.013849
    0.327352     3.047858     1.965176     2.206061     2.548031     2.441599     3.394283
    1.819187     4.034637     3.661598     2.112551     0.816630     2.514893     4.597048
    1.386121     2.518455     4.035947     4.444429     3.118631     0.893381     3.227892
    4.202767     5.880864     5.225988     5.994341     6.342359     6.606952     5.573130
    2.113829     1.487865     1.176738     1.891809     2.144294     1.523872     2.572640
    1.818950     0.514982     1.081058     3.419223     2.629216     2.231020     2.458484
    0.988774     1.230204     0.567946     3.672294     2.655652     1.073007     0.920235
    0.951721     2.319905     1.284092     2.726968     3.380150     2.494651     1.855969
    1.981579     1.143118     2.030899     2.217054     2.338799     2.578782     1.857783
   -0.177617     0.359245     1.414319     1.547016     1.391906     3.130430     3.841799
    1.456092     1.077058     2.437528     1.118112     1.017561     1.492039     1.951478
    3.050659     2.868886     3.765561     2.928155     1.790642     3.460457     4.056460
   -0.210902    -0.394230    -0.788938     0.268298     0.933935     2.031791     3.008414
    1.253719     1.349137     1.144305     3.228985     3.538805     3.117874     2.089416
   -0.951132    -2.904564    -1.000329     1.693893     1.202746     0.725229     1.775338
    0.991442     1.109802     1.208387     1.862657     2.043375     0.999089     2.419732
    4.756184     2.082144     3.659127     3.469241     2.327168     4.404781     5.887847
    4.276039     1.715634     1.496592     1.906764     2.245450     3.088187     3.519364
    0.877946     0.523182     1.897411     2.924890     3.403063     2.697943     3.551203
    3.497485     2.674813     2.016749     1.312318     1.495049    -0.019694    -0.384200
    0.873049     1.239294     3.120952     2.403147     3.845822     3.972611     4.048307
    0.061529     1.135502     1.531229     2.799339     3.310420     3.107113     3.879050
    2.269327     1.589938     1.556532     2.431419     4.238802     3.987437     2.571899
    2.903722     2.488842     2.241101     2.478588     2.174268     1.858363     3.351277
   -0.555252     1.357845     0.113252    -0.565266     0.555739     0.083967     1.363689
   -0.972230     0.758757     0.196965     0.583209     0.446125     1.411532     0.759449
   -0.677290    -1.108499     0.197528     3.126177     1.641469     2.843131     2.776794
    2.828833     2.912534     3.498517     4.273312     2.924593     3.331058     4.122984
    0.305910     1.350200    -0.151205     1.561789     3.288426     4.256081     4.309733
    0.975933     2.270032     1.901481     0.747328     2.100868     0.872461     1.046390
    2.172031     2.600956     2.094436     2.791183     1.745589     0.700809     0.151355
    2.592261     1.831791     1.115608     1.238266     0.683966    -0.246838     0.835401
    0.114475     1.822458     2.317921     2.974226     1.703316     1.630158     2.584064
    0.734195    -0.199040     0.813481     1.617811     1.546201     2.005023     1.072002
    0.024698     2.371752     3.573468     3.623718     3.992770     4.796208     5.661103
    3.692610     4.074187     2.573977     4.448401     4.483622     4.835627     4.331094
    3.373615     3.345779     3.814491     2.131364     3.667136     4.175045     2.442170
    3.476843     3.817570     2.268295     3.146441     2.545547     3.439989     2.408128
   -0.995544     0.009877    -0.159179     0.399620     0.806121     2.535579     3.089974
    0.532395     0.862440     1.435871     2.702378     3.513344     3.969328     3.241391
    2.869388     2.240646     2.331673     2.731116     1.635519     1.551538    -0.204733
   -1.000043     0.274631    -0.645276    -0.383026    -0.067335     1.831423     0.610110
    2.006438     1.473439     2.001629     2.088044     1.320972     1.169766     1.252744
    2.590028     0.698475     0.388355     0.665657     1.305473     0.105570     1.027772
    2.802403     3.289967     1.829004     1.385820     1.770650     1.784948     3.217741
    1.213914     1.164856     1.341565     0.830315     1.858069     2.663792     2.501747
    2.711308     1.108262     1.079112     1.523595     1.193779     2.443260     3.528768
    1.556797     2.258379     2.693697     3.637667     3.617696     2.380866     5.073885
    2.569079     4.225726     3.046280     3.933490     2.577156     4.363170     2.787277
    3.537785     3.894597     2.918455     1.696995     1.555459     1.841283     2.137681
    1.048036     0.034638     0.434823     0.664923     1.394099     2.680587     3.654794
    3.952833     2.183911     1.377816     2.818928     2.952817     3.846986     3.750131
    2.539203     1.351807     0.926349     1.779386     1.638433     0.601675     1.141787
    2.373285     1.376349     2.346616     1.371876     1.147729     2.266142     0.941678
    2.139689     3.100947     2.283368     4.119328     1.960422     2.459410     2.298466
    3.646837     2.229723     3.088320     3.709913     3.695714     4.266835     4.435808
    1.227061     1.610460     3.007532     2.897738     2.854326     2.661386     1.070951
    2.813507     2.807108     2.538709     3.444103     1.565701     1.327306     3.056382
    2.460458     2.688550     4.402787     4.939484     4.266124     3.963868     3.308271
   -0.033817     1.363269    -1.383424    -0.099979    -0.018334    -0.395314     0.839166
    2.471570     1.211174     2.442992     3.363177     2.183469     0.210238     1.339769
    0.120005    -0.515517     0.165314     0.224048     0.908808     1.240952     1.204340
    2.933691     4.559937     3.826191     4.523319     3.268943     2.367611     2.068743
    2.687602     2.880442     3.116655     2.308116     2.681957     1.854643     2.046536
    1.075081     3.242185     3.841992     3.593040     4.573085     4.812866     6.743000
   -0.420140     0.116278     0.069247    -0.602941    -0.859597     0.048778    -0.095791
    0.592992     0.905854    -0.245165     2.948604     2.036178     1.495777     0.509602
    2.953979     3.243310     3.290125     1.811851     4.112183     3.315198     1.165139
    2.123021     3.453857     2.507335     2.565254     1.142208    -0.317377    -0.172521
   -0.331939     3.219155     2.460668     2.207137     2.663138     4.924449     5.633885
   -0.248653     1.584393    -0.396868     1.364597     1.489659     2.197807     3.223734
    2.579027     2.858533    -0.142215     2.465808     1.420431     0.121107    -0.665621
    1.094789     2.301292     2.581740     1.262494     3.649373     4.862388     4.665016
    1.239613     1.544615     2.744392     2.644326     4.826030     5.341003     4.435144
    1.229975    -0.431247    -0.027072     0.156867     0.696929     1.358062     0.565537
   -1.023972     0.168917     1.010934     0.596077     1.834870     0.222624     1.925309
    4.076080     4.072904     3.474991     3.159281     4.173983     4.121331     3.047062
   -0.486653    -0.019759     1.171818     0.127622     0.365981     1.057287     2.255802
    1.964192     2.096840     2.153993     2.285178     2.223154     1.836006     3.053041
    1.600869     1.850293     3.089350     1.062285     3.164999     3.190598     2.472862
    1.913095     0.777939     0.587350     0.802715     0.377285     0.428822     1.795046
    0.670767    -0.179256    -0.475265     0.512754     0.999691     0.163677    -0.373436
   -0.158943     0.752667     2.702971     1.874228     2.009211    -0.073423     1.743204
    2.562105     2.799611     1.808490     2.453030     3.723528     4.992160     4.902514
    0.792508     2.415291     3.645920     2.813379     3.383149     1.847393     3.597947
    2.665358     2.158516     2.095120     2.854054     2.318985     1.604393     1.863108
    2.868855     2.103202     2.182288     1.606668     3.765338     3.306532     2.897835
    2.354215    -0.484074     0.120565     0.702888     0.277080    -0.057739     1.160286
    1.690319     2.554207     2.580710     2.869518     1.711874     3.165714     3.535441
    3.585071     3.547173     3.245766     4.164702     4.545608     4.639472     3.844194
    2.158444     2.791977     3.772026     4.754158     3.482103     5.068786     4.940619
    2.096141     2.819085     0.928520     2.714652     4.658220     2.633623     3.152076
    5.108339     4.626860     2.451247     3.408073     4.415829     4.071277     2.677300
    1.718521     3.583106     2.923345     4.793847     4.611406     5.825034     6.623274
    2.020493     1.561741     3.635029     1.894442     0.877454     1.718781     1.942021
   -0.362013     0.993276     0.265012    -0.392233     1.373232     0.508718     2.395804
    0.546098     1.256406     1.567065     0.220112    -0.771578     0.061831     0.329028
    1.251554     1.216079     3.510546     4.175876     5.248362     3.959732     5.404062
    2.023904     2.426197     3.253033     2.135695     4.269636     3.709028     1.398036
   -1.525332    -1.402296    -0.875681    -1.424257    -0.720661     0.934058     2.972241
    1.904466     2.015856     2.043238     1.887001     2.269669     2.004152     2.125816
   -0.023805     0.585080     1.559075     2.776543     2.141351     2.450756     3.034759
    1.302427     1.910265     1.120660     2.105533     1.826297     1.375183     0.223538
    2.034259     1.738332     1.623691     1.972675     2.814040     2.648693     3.075893
    1.300375     1.272659     0.211414     1.384363     2.826651     3.893892     3.457035
    2.249915     3.927099     3.383430     3.111326     2.885751     2.260186     3.011463
    1.480730     3.414401     2.029798     2.946795     2.355920     3.137389     4.133042
    3.169229     3.681700     4.753846     3.756037     2.811422     3.983135     3.203321
   -0.529334     0.091600     2.388867     0.029352     1.095413     0.622809     1.261855
    1.558594     1.085931     2.047191     0.562965     1.838337     2.479973     2.455082
    4.864094     4.291576     3.728934     3.590527     4.766461     3.469849     5.936091
   -0.118491     0.023199     0.384960     2.898167     2.685961     3.179971     3.844012
    3.471791     2.816168     3.168230     0.756113     1.849864     2.473430     3.578604
    1.524802     2.880645     3.535431     5.578611     2.093576     4.184099     4.986533
    0.359504     0.346660    -0.311159    -0.444921    -0.350135     1.208059     0.584967
   -1.310037    -3.000038    -2.147261    -0.912797     0.195930     1.270550     1.224915
    1.719974     1.261793     1.566833     1.865060     2.953091     2.344390     2.420078
    2.510853     1.469545     1.833696     1.621593     1.064151     2.937195     0.381374
    3.204442     3.970943     3.059512     3.783690     3.522939     3.942316     3.832554
    2.099251     4.007587     2.059384     3.958081     2.963316     2.382438     2.010598
    1.722615     2.251631     2.180434     2.988481     2.154388     2.361679     3.249322
    2.732421     1.355638     3.618669     3.590711     2.493601     2.993291     3.750201
    0.494643     0.564796     3.719345     4.788875     3.357556     4.591790     4.612447
    0.924053     2.379121     3.270297     1.817344     0.201726     1.332385     0.353417
    1.388118     1.170795     1.163555     2.312174     1.489270     0.777921     1.753988
    1.843675     2.393958     1.733229     1.393740     3.536743     3.123642     3.951949
    5.033060     5.097195     2.451860     1.656110     2.574157     3.128674     4.325173
    2.470683     3.579885     3.682339     3.005451     3.295217     4.344065     2.834607
    2.336402     1.687341     2.513513     1.837117     0.964281     1.581269     1.497697
    4.321146     4.236898     2.373103     3.169960     4.239614     3.214000     2.611908
    1.699613     1.689326     2.580430     2.567360     2.257296     1.719611     0.713339
    3.457356     4.221057     3.220502     4.096480     3.664518     5.431259     4.102412
    2.128466     2.381374     2.857812     5.301263     3.512879     4.073919     2.628758
    4.132927     3.946514     4.190872     4.212031     5.291189     5.144850     4.554490
    1.845918     2.285171     1.947312     2.370908     2.938171     4.548850     2.749746
    3.795157     2.529617     2.386526     2.036093     1.917312     4.006446     2.883068
   -0.096181    -0.431509    -1.794086    -0.032185     1.549746     1.197440     0.007458
    0.713155    -0.297081     1.016311     1.061662    -1.073516    -2.066401    -0.700535
    3.260117     2.492179     1.716100     0.808761     2.494003     2.290398     0.715195
    2.421497     2.294288     1.223109     1.391185     1.500379     2.931798     1.742698
    2.290186    -0.201147     1.491212     0.772599     0.962453     1.544128     0.798196
    3.555461     4.119650     3.527294     1.181447    -0.570632    -0.570599    -0.286275
    1.673168     2.762411     1.301383     3.122193     2.719738     4.054399     3.483175
    3.215606     2.793316     2.128024     1.885148     2.240880     1.660549    -0.185939
   -0.405048    -0.088670     0.170396     2.844084     2.048783     2.163519     2.565714
    0.536892     2.136399     1.990008     3.474637     4.934164     5.929234     6.254768
    2.285140     3.170163     5.417721     5.031804     5.355532     3.799658     4.823828
    0.957605     1.145955     2.282676     2.720637     1.766110     3.504997     1.659929
    2.048145     4.070746     3.165077     1.749844     1.727763     2.553243     2.503428
    3.314594     3.383195     2.337995     2.890202     1.553273     2.834513     2.250666
    0.939748     1.646783     1.993094     2.060374     0.102950     0.733259     1.033805
    0.766561    -1.251730     1.249943     1.671827     1.827181     2.119278     0.225380
    2.869352     2.218555     2.914885     2.256047     2.172227     3.208533     3.300530
   -1.515121    -0.797758     0.290832     1.653135     2.272132     2.158415     0.753429
   -1.443511    -1.049793    -0.232193     0.043298     0.918523     1.105219     0.308392
    2.516244     2.959205     1.872123     1.542489     3.066610     1.035471     1.328995
    3.663225     2.681486     2.564418     3.749163     3.788992     2.946840     2.700196
   -1.221117    -0.143270     0.258124    -0.279694     0.656685     0.624222    -1.095134
    1.171138     2.276130    -0.157763     2.078594     4.125670     2.563647     2.808196
    0.609408     2.476448     0.974938     1.419463     1.717694     1.959174     1.177501
    2.702628     2.929528     4.176861     5.220832     6.574723     6.292304     7.381761
   -0.636557     1.084313     0.411718     2.377350     2.289662     2.084649     2.171823
    2.363479     4.134976     2.965942     2.571732     2.983548     4.211199     1.652093
    2.039037     4.017519     2.490275     4.482765     4.111371     2.423424     3.292376
   -1.147124    -1.178623    -1.643242    -1.303441    -0.115810    -0.087494    -1.426120
    1.874689     2.927563     3.108327     3.612033     4.120677     4.529345     4.558907
    1.039769     2.168138     2.413315     2.591421     1.490382    -0.184636     0.554714
    3.366173     2.075843     0.649171     1.970731     2.583788     1.237674     1.929757
    5.444642     4.005988     3.454660     2.265464     1.027846     1.273044     2.570425
    2.735662     3.453811     3.072631     1.615898     1.338137     2.357038     1.559033
    0.646497     0.799832     0.555608    -0.315391    -0.029515     0.023933    -0.009916
    3.822691     3.595375     3.623115     3.121668     2.577405     1.524801     2.601774
   -0.501874    -0.393538     0.132105     0.599660     1.024303     1.075546     0.837250
    3.974426     4.695639     5.131735     4.576924     6.465850     5.554850     5.339445
    1.046983     1.971944     1.725482     1.904880     0.535026     2.496940     3.741475
    2.060050     3.515033     3.739125     2.579481     2.906898     4.106773     6.152548
   -0.069192     0.838742     2.275165     1.487995     2.768945     2.505094     2.540588
    2.292094     2.798094     2.495640     1.220405     1.421560     2.403934     3.184127
    3.439316     4.189724     4.135757     3.858577     4.814181     3.055518     4.121582
    2.428581     2.378413     0.852613     2.166812     2.365253     3.711218     3.630137
    0.096439     2.103862     3.989462     4.441875     3.256538     3.667066     4.257952
    3.207609     2.337294     2.785953     3.787592     3.786270     2.387349     1.974534
    3.121791     3.131007     3.354659     5.401820     4.363101     3.334750     3.690255
    2.239620     1.877884     0.247688     0.684531     1.677792     1.673279     2.395674
    1.695554     2.346026     2.486785     2.960175     3.515017     3.373692     4.876591
    4.170767     3.243270     2.516986     3.314893     3.042847     2.378493     2.940678
    1.510975     0.102260    -0.402122     1.096281     2.442255     1.933862     2.868150
    4.716768     3.649104     2.835493     3.978025     3.227732     3.627250     4.508829
    2.875063     3.172187     4.244547     3.834459     3.693295     4.611641     2.869921
    1.666913     2.718282     1.637886     3.900000     3.687973     4.330907     3.546586
   -0.642416     1.572907    -0.511061    -0.387611     0.302175    -0.293220     0.217238
    4.355578     3.535558     3.149943     2.073665     1.267189     0.249338     0.598224
    3.080476     2.730337     4.121883     4.725178     4.474065     4.047514     2.768985
    1.765043    -0.138656     0.093509     0.309875     1.548130     1.311517     2.811652
    2.446549     3.328082     2.855993     2.155434     2.694338     1.962422     3.231803
    1.376698     1.438483     1.393925     1.391274     1.725259     3.051471     1.744093
   -1.315256    -1.735240    -1.718048    -1.426265    -1.342405    -0.270131     0.253738
   -1.509452    -1.522527    -0.578753     0.720575     2.181533     1.236003    -0.130489
    1.009347     0.851904     1.762486     2.364969     1.589561     2.143403     1.499771
   -0.729072    -1.241056    -0.175337     0.376976     1.560379     1.608497     3.485323
    3.981242     2.746480     1.492085     0.454934    -0.023378    -1.414289     0.999965
    2.591187     2.573326     1.882782     1.613358     1.226312    -0.849667     0.330616
    2.795722     3.009861     1.989570     3.289642     2.218245     3.261782     3.056480
   -0.366022     0.265650     2.558477     1.018357     1.918916     3.217247     2.770795
    1.638615    -0.934616     0.298126     0.285117     2.585996     2.402784     3.229469
   -0.240199    -1.137237    -0.598786    -1.068263     1.386572     1.192270     3.612059
    0.232440     1.978211     2.125283     1.945339     1.616816     1.982151     3.210968
    2.914270     3.015103     2.742605     3.434770     3.550943     3.941320     5.189263
    0.162932     1.176766     2.015266     1.621339     1.098983     1.949804    -0.091774
    3.001087     3.429336     2.653253     2.849921     2.568454     2.261224     1.390326
    1.348781     0.890335     1.649193     0.458364     0.666781     0.342501    -0.747738
    2.692595     3.991230     3.888013     2.365094     3.753697     5.497312     7.100327
    2.769160     3.165339     2.427092     2.244484     2.570196     2.485576     3.613202
   -0.199285    -0.510952    -0.113898     1.065742     0.547053     1.539480     2.247981
   -0.658487     0.372899     1.880228     4.086280     3.573589     4.275523     4.996951
    3.571360     3.161530     3.076782     3.110128     3.353024     4.962870     4.897167
    2.699360     3.222439     3.572484     3.866216     3.040798     4.325219     2.211494
    0.115946     0.720347     1.221353     3.797853     2.923763     3.832867     2.886496
    2.039290     1.126054     2.852500     3.039628     1.530384     2.388436     5.057788
    1.836441     2.664445     2.081604     0.757159     1.547689     2.411438     1.673256
    1.837685     2.171806     2.336937     1.045474     2.913255     4.042269     1.981028
    2.579498     3.047929     2.654104     2.356940     1.663853     0.536625     0.166122
    1.189643     0.667553     0.246117     1.171100     3.152706     3.576235     3.066607
    2.564332     1.794622    -0.908053    -0.320677    -1.933569     1.585949     1.043485
    1.871425     2.977423     2.745612     2.828364     2.211650     4.416725     2.024308
    0.912535     0.554539     1.313037     1.683919     2.777728     3.606286     2.338939
   -0.655170     0.004534     2.884565     1.541079     1.914147     2.497599     2.113490
    1.929434     0.343610     0.263500     1.137430     1.855016     1.989922     2.682059
   -0.113643    -0.996971     0.727180     1.208129     1.840414     2.761732     1.398825
    3.013376     2.016867     1.539797     2.671860     2.546250     3.694708     3.650931
    1.396019     1.402009    -0.482569     2.158850     1.530018     1.804165     1.782223
    2.450989     3.637444     2.173370     3.485041     2.382995     2.811778     0.774270
    0.296775     1.083673     4.064849     3.867610     5.015302     3.826290     3.738595
   -0.803830     1.116050    -0.306117     0.419831    -0.057501     0.823035     1.642509
    0.762951     0.899975     1.323984     2.142744     2.352624     0.304762     1.390814
    0.503460     0.328935     1.334020     2.453729     1.869753     1.171116     1.013768
    0.485464     0.463963    -0.430308     0.655832     0.392393    -0.499415    -1.779057
   -0.158727    -0.084821     0.317074    -1.072868     0.539804     0.245979     0.518024
    1.526296     2.293751     3.991550     2.651538     3.560063     3.542400     3.598643
    1.759679     1.622656     1.959154     1.857676     1.032222     1.914687     4.766333
   -0.590960     0.681499     1.298854     1.132539     1.266564     0.786984     3.472341
   -1.194508     0.115746     2.026338     2.565302     1.654629     3.168266     3.942588
   -0.000427     1.210269     2.123661     3.030715     2.578451     1.580959     3.082926
   -0.420567     1.023691     0.179208     1.190540    -0.170731     0.265338     0.954497
    0.802404     2.312151     3.504448     4.310062     3.127913     3.956290     3.020673
    4.316677     2.815250     2.034403     1.829743     1.597601     1.888872     3.142929
    1.463446     1.621069     1.593252     2.373518     2.686453     3.077160     2.802003
    1.063097     2.680251     3.867063     1.834362     1.474287     1.407365     3.143120
   -0.448513    -0.636045     0.094406     1.771827     0.644570     0.748568     1.613533
    2.961925     2.071789     3.297885     1.858628     1.076591     0.985429     0.544054
