   1 12.31 10.03 10.22  9.09  7.57  6.30   0   0   0   0   0   0
   2 13.42 11.26  9.56 999.0 999.0 999.0   0   0   0   1 999 999
   3 11.08 10.87  8.06  7.69  5.82  3.33   0   0   0   0   0   0
   4 11.63 10.03  9.82  8.72  6.11  6.63   0   0   0   0   0   0
   5 12.12 11.29 10.89  8.89  7.82  7.14   0   0   0   0   0   0
   6 11.96 999.0 999.0 999.0 999.0 999.0   0   1 999 999 999 999
   7 10.86 11.58  7.64  7.10  5.51  4.64   0   0   0   0   0   0
   8 10.81  9.27  9.62  6.69  6.62  5.24   0   0   0   0   0   0
   9 11.57  9.85  8.23  7.49  7.42  5.66   0   0   0   0   0   0
  10 12.60 11.07  9.00  9.50  7.22  6.00   0   0   0   0   0   0
  11 12.37 10.27 10.07  8.98  9.15  7.25   0   0   0   0   0   0
  12 13.39 11.27 10.02  9.94  8.61  8.24   0   0   0   0   0   0
  13 12.49 10.85  9.22  7.81  7.25  6.45   0   0   0   0   0   0
  14 13.24 12.78 12.64 999.0 999.0 999.0   0   0   0   1 999 999
  15 12.03 11.15  8.35  6.89  6.34  4.88   0   0   0   0   0   0
  16 11.69 10.94  9.82  9.31  8.39  6.35   0   0   0   0   0   0
  17 11.57 12.43 10.69  9.45 999.0 999.0   0   0   0   0   1 999
  18 11.99 10.80 10.01  7.70  8.30  7.77   0   0   0   0   0   0
  19 12.39 999.0 999.0 999.0 999.0 999.0   0   1 999 999 999 999
  20 11.58 10.57 12.19  9.98 999.0 999.0   0   0   0   0   1 999
  21 12.35 10.33 10.33  9.61  7.75  6.77   0   0   0   0   0   0
  22 10.53 10.40  9.74  8.33  6.83 999.0   0   0   0   0   0   1
  23 11.88 10.86 10.33  9.47  8.08  7.38   0   0   0   0   0   0
  24 11.68 10.60  8.95  8.13  7.27  5.45   0   0   0   0   0   0
  25 11.98 11.04 10.41  7.41  7.89  6.55   0   0   0   0   0   0
  26 11.62 10.43  8.07  7.24  6.08  5.31   0   0   0   0   0   0
  27 11.87 11.64 10.36 10.10  9.30  8.06   0   0   0   0   0   0
  28 10.69 10.34 10.25  9.05  7.15  7.69   0   0   0   0   0   0
  29 12.28 11.03  9.77  8.91  7.52  6.86   0   0   0   0   0   0
  30 10.51 10.97  9.51  9.35  9.23  8.15   0   0   0   0   0   0
  31 13.79 11.04 11.70 10.61  9.40  8.26   0   0   0   0   0   0
  32 11.66 11.71 10.03 999.0 999.0 999.0   0   0   0   1 999 999
  33 11.37 12.35 10.26  9.63  9.37 999.0   0   0   0   0   0   1
  34 12.26 999.0 999.0 999.0 999.0 999.0   0   1 999 999 999 999
  35 11.40 10.24  9.80 10.46  7.82  6.84   0   0   0   0   0   0
  36 10.00  9.35  9.31  8.28  8.21  6.41   0   0   0   0   0   0
  37 12.07 11.76 11.53  9.84  8.77 999.0   0   0   0   0   0   1
  38 12.04 11.13 10.50  9.85  8.43  8.11   0   0   0   0   0   0
  39 12.59 10.27 10.42  7.23  6.46 999.0   0   0   0   0   0   1
  40  9.75 10.60  8.53  8.07  6.48  4.89   0   0   0   0   0   0
  41 12.64 11.52  9.07  8.13  8.21  7.88   0   0   0   0   0   0
  42 12.07 11.31  9.50  8.78  7.12  5.54   0   0   0   0   0   0
  43 11.43  9.98  7.64  7.73  8.62  6.03   0   0   0   0   0   0
  44 11.82 11.26  9.83  7.71  6.47  5.45   0   0   0   0   0   0
  45 11.48 11.85 999.0 999.0 999.0 999.0   0   0   1 999 999 999
  46 12.83 11.11 10.87  9.14  9.12  8.45   0   0   0   0   0   0
  47 12.71 10.22  9.23  8.38  8.25  8.32   0   0   0   0   0   0
  48 12.71  9.88  9.68  8.87  6.38  6.82   0   0   0   0   0   0
  49 11.62  9.62  9.42  6.75  4.54  4.46   0   0   0   0   0   0
  50 11.41 11.12  9.19  8.11  7.07  6.32   0   0   0   0   0   0
  51 10.80 11.22 11.22 999.0 999.0 999.0   0   0   0   1 999 999
  52 11.54 10.87  9.99  9.49  8.53  6.68   0   0   0   0   0   0
  53 14.14 12.06 11.48 11.02 10.05  8.35   0   0   0   0   0   0
  54 12.82 11.51 999.0 999.0 999.0 999.0   0   0   1 999 999 999
  55 11.61  9.92  9.97  8.61  7.62  6.44   0   0   0   0   0   0
  56 12.08 10.48 999.0 999.0 999.0 999.0   0   0   1 999 999 999
  57 12.53 11.95 10.04  8.90  8.05  6.18   0   0   0   0   0   0
  58 12.08 11.55 999.0 999.0 999.0 999.0   0   0   1 999 999 999
  59 11.12 10.43 999.0 999.0 999.0 999.0   0   0   1 999 999 999
  60 12.40 11.92 10.72 10.95 10.95  9.69   0   0   0   0   0   0
  61 11.84 12.21 999.0 999.0 999.0 999.0   0   0   1 999 999 999
  62 10.62 11.10  9.99  8.19  6.60  6.59   0   0   0   0   0   0
  63 12.59 11.74 11.09 10.87 11.18 999.0   0   0   0   0   0   1
  64 12.23 10.67  8.47  7.96  7.38  4.72   0   0   0   0   0   0
  65 10.57 11.16 10.36  9.33  8.42  8.07   0   0   0   0   0   0
  66 10.72 10.78  7.64  7.68  6.03  5.99   0   0   0   0   0   0
  67 11.38 10.26 999.0 999.0 999.0 999.0   0   0   1 999 999 999
  68 13.90 10.92 10.02 999.0 999.0 999.0   0   0   0   1 999 999
  69 11.38 10.55  9.65  9.91  8.70  7.33   0   0   0   0   0   0
  70 11.05 11.12 10.00  9.68 999.0 999.0   0   0   0   0   1 999
  71 12.31 11.83  9.29  9.81  9.39  8.49   0   0   0   0   0   0
  72 12.58 11.67 11.57  9.18  9.58  9.78   0   0   0   0   0   0
  73 12.21 999.0 999.0 999.0 999.0 999.0   0   1 999 999 999 999
  74 12.84 10.61  9.39  8.83  8.01  6.32   0   0   0   0   0   0
  75 11.92  9.96  8.22  7.19  4.92  3.33   0   0   0   0   0   0
  76 10.85 12.32  9.68  9.02  9.57  7.24   0   0   0   0   0   0
  77 11.24 999.0 999.0 999.0 999.0 999.0   0   1 999 999 999 999
  78 12.45 11.30 11.01 10.27  8.67  7.07   0   0   0   0   0   0
  79 11.47  9.18  9.07  7.83  7.19  5.61   0   0   0   0   0   0
  80 10.45 10.32 10.43 10.46  6.73  6.44   0   0   0   0   0   0
  81 12.38 12.27  9.99 10.80 10.96  8.71   0   0   0   0   0   0
  82 11.48 10.30 10.30 999.0 999.0 999.0   0   0   0   1 999 999
  83 12.89 10.31 10.34  9.58  7.32  7.16   0   0   0   0   0   0
  84 11.78 10.86  6.14  6.72  4.31  2.92   0   0   0   0   0   0
  85 12.62 11.33  9.88  8.92  7.26  4.59   0   0   0   0   0   0
  86 10.96  9.21  9.39  6.95  4.06  5.42   0   0   0   0   0   0
  87 11.50 10.42  8.89  8.14  7.10  6.17   0   0   0   0   0   0
  88 11.47 11.03 11.29  9.73  9.66  9.63   0   0   0   0   0   0
  89 12.29 10.59  9.11  7.85  7.06  5.10   0   0   0   0   0   0
  90 12.79 11.60  9.31  9.76  9.11  6.78   0   0   0   0   0   0
  91 15.35 11.13 10.37 10.20  9.75  8.63   0   0   0   0   0   0
  92 12.41 11.26 10.50  9.46  8.45  6.82   0   0   0   0   0   0
  93 11.41  9.90  9.16  9.87 10.12 999.0   0   0   0   0   0   1
  94 13.05 11.80 10.59  8.36  8.31  6.66   0   0   0   0   0   0
  95 13.51 11.36 11.45 11.35  8.98 999.0   0   0   0   0   0   1
  96 11.17 10.68 11.08  9.31 10.35  9.73   0   0   0   0   0   0
  97 11.68 11.15 10.45  9.81  8.74  7.38   0   0   0   0   0   0
  98 10.37  9.73  8.57  8.30  7.46  5.42   0   0   0   0   0   0
  99 12.29 12.07  9.97  9.76  9.72  8.76   0   0   0   0   0   0
 100 11.87 11.08  9.52  8.99  8.12 999.0   0   0   0   0   0   1
 101 10.43  8.98  9.41  7.76  6.08  5.80   0   0   0   0   0   0
 102 12.37 10.75 10.19 10.06  8.70 999.0   0   0   0   0   0   1
 103 10.66 11.09 10.46  9.21  7.63  7.03   0   0   0   0   0   0
 104 13.58 13.10 999.0 999.0 999.0 999.0   0   0   1 999 999 999
 105 12.53 12.26  9.02  9.39  9.27  7.20   0   0   0   0   0   0
 106 11.33  9.82  8.85  9.25  7.34  7.60   0   0   0   0   0   0
 107 11.72 11.19 10.44 10.75  8.91 999.0   0   0   0   0   0   1
 108 12.15 11.46 10.68  8.29  8.35  7.75   0   0   0   0   0   0
 109 11.28 11.81  9.74 999.0 999.0 999.0   0   0   0   1 999 999
 110 10.73 10.69  8.06  7.40  5.51  4.20   0   0   0   0   0   0
 111 11.96 11.40  8.50  7.21  6.64  5.05   0   0   0   0   0   0
 112 12.38 10.73 11.27 10.68  7.89  7.38   0   0   0   0   0   0
 113 13.45 12.27  9.77  9.44  8.33  8.06   0   0   0   0   0   0
 114 12.16 10.45  9.02  8.24  7.51 999.0   0   0   0   0   0   1
 115 10.21  9.72  9.23  7.97  7.68  4.69   0   0   0   0   0   0
 116 11.04 10.21  8.03  7.66  5.15  4.81   0   0   0   0   0   0
 117 12.96 11.64 11.44 999.0 999.0 999.0   0   0   0   1 999 999
 118 12.19 10.94  9.74  9.71  8.57 999.0   0   0   0   0   0   1
 119 12.55 10.45 10.37  9.41  8.48  6.76   0   0   0   0   0   0
 120 12.67 12.12 10.42  9.03  7.16 999.0   0   0   0   0   0   1
 121 11.03  9.56  8.85  7.97  6.86  5.64   0   0   0   0   0   0
 122 11.94  9.89 10.11  8.53  7.33  6.86   0   0   0   0   0   0
 123 11.93 11.45 11.63 10.45 999.0 999.0   0   0   0   0   1 999
 124 12.46 11.71  9.51 10.44  9.10 999.0   0   0   0   0   0   1
 125 11.33 10.19  8.82  8.63  5.61  5.61   0   0   0   0   0   0
 126 12.01 10.96 10.06  7.85  8.82  6.99   0   0   0   0   0   0
 127 11.98 11.28 11.21 10.41 999.0 999.0   0   0   0   0   1 999
 128 11.09  9.81  6.73  6.48  6.76  4.22   0   0   0   0   0   0
 129 11.85 10.79 10.02  9.95  9.00  8.14   0   0   0   0   0   0
 130 10.62 11.29 10.58 10.35  9.41  8.99   0   0   0   0   0   0
 131 12.93  9.66 10.49  7.95  6.50  6.01   0   0   0   0   0   0
 132 11.07  9.94  8.98  8.56  7.19  5.09   0   0   0   0   0   0
 133 12.58 11.18  8.76  7.75  6.73  4.74   0   0   0   0   0   0
 134 10.66 12.49 10.88 10.02 10.21 999.0   0   0   0   0   0   1
 135 10.44  9.80  8.59  7.51  5.84  4.75   0   0   0   0   0   0
 136 13.01 11.13 10.39  8.47  8.56  7.48   0   0   0   0   0   0
 137 11.21 12.09 10.19  9.91  8.81  7.81   0   0   0   0   0   0
 138 11.69 10.37  8.33  7.98  6.73  5.85   0   0   0   0   0   0
 139 12.34 10.77 10.39  9.39  7.98  7.01   0   0   0   0   0   0
 140 12.05 12.14  8.44  7.54  6.47  4.88   0   0   0   0   0   0
 141 11.88 10.76  9.89  8.77  7.90  7.08   0   0   0   0   0   0
 142 10.55 10.17  8.00  6.40  5.36  3.48   0   0   0   0   0   0
 143 11.92 10.06  9.75  7.93  6.74 999.0   0   0   0   0   0   1
 144 12.24 10.79  9.27  7.95  6.95  4.92   0   0   0   0   0   0
 145 10.41  9.62  8.37  8.71 999.0 999.0   0   0   0   0   1 999
 146 11.47 10.98  9.55 999.0 999.0 999.0   0   0   0   1 999 999
 147 11.72 12.08  9.21  9.37  8.49  8.50   0   0   0   0   0   0
 148 12.52 11.31 10.62  8.36  6.54  6.92   0   0   0   0   0   0
 149 10.46 11.15  9.99  8.88  6.64  7.14   0   0   0   0   0   0
 150 11.59 12.74 11.42 10.73 10.20 999.0   0   0   0   0   0   1
 151 12.12 12.26 11.20 11.25 11.08  9.81   0   0   0   0   0   0
 152 11.69 10.53  9.78  7.76  7.29  5.78   0   0   0   0   0   0
 153 12.12  9.63  9.17  7.90  6.29  4.62   0   0   0   0   0   0
 154 11.49  9.82  9.35  8.75  8.13  7.28   0   0   0   0   0   0
 155 11.39 10.18  8.52  6.68  5.73  3.39   0   0   0   0   0   0
 156 13.89 11.39  9.71  9.14  7.52  5.37   0   0   0   0   0   0
 157 11.83 11.48 10.19  8.93  8.62  7.23   0   0   0   0   0   0
 158 11.38 10.98 999.0 999.0 999.0 999.0   0   0   1 999 999 999
 159 11.81 10.99  9.71  9.16  6.68  6.51   0   0   0   0   0   0
 160 12.50 10.37 10.63 10.62  7.42 999.0   0   0   0   0   0   1
 161 12.88 10.59  8.69  7.43  6.95  5.75   0   0   0   0   0   0
 162 13.89 10.89  9.62  9.05  7.61  7.35   0   0   0   0   0   0
 163 12.38 11.57 10.21 10.66 10.99 999.0   0   0   0   0   0   1
 164 11.99 11.83 11.22 10.86  9.28  8.17   0   0   0   0   0   0
 165 11.04 11.30  9.22 10.67  8.30  8.00   0   0   0   0   0   0
 166 12.50 10.37  9.81  8.99  8.22 999.0   0   0   0   0   0   1
 167 11.91 11.96  9.78 10.68  8.26  7.09   0   0   0   0   0   0
 168 10.77 11.35 10.62  8.33  9.67 999.0   0   0   0   0   0   1
 169 12.03 11.50 11.23 999.0 999.0 999.0   0   0   0   1 999 999
 170 12.61 11.56  9.46  8.88  7.33  6.35   0   0   0   0   0   0
 171 12.44 13.02 11.16 10.68  8.90  9.13   0   0   0   0   0   0
 172 11.17 10.92  8.91  9.22  7.91  7.59   0   0   0   0   0   0
 173 12.05 11.61 10.67 999.0 999.0 999.0   0   0   0   1 999 999
 174 11.68 10.89 10.33  9.42  6.36  5.33   0   0   0   0   0   0
 175 12.01 11.21 10.80  8.18  6.89  5.77   0   0   0   0   0   0
 176 11.46  9.38  8.66 10.34  9.09  9.13   0   0   0   0   0   0
 177 11.68 10.09  9.22  7.75  7.22  5.05   0   0   0   0   0   0
 178 11.82 11.41  8.83  8.73  7.77  6.43   0   0   0   0   0   0
 179 12.48 10.52  9.53  9.49  7.88 999.0   0   0   0   0   0   1
 180 12.07 11.46 10.82 10.11  8.73  7.59   0   0   0   0   0   0
 181 12.18 11.66 999.0 999.0 999.0 999.0   0   0   1 999 999 999
 182  9.74  7.82  8.34  5.44  4.50  3.81   0   0   0   0   0   0
 183 11.19 11.24  9.75  9.12  8.60  7.33   0   0   0   0   0   0
 184 11.40 10.34  8.86  7.31  5.23  5.81   0   0   0   0   0   0
 185 14.42 12.85 10.82 10.74 10.17  8.92   0   0   0   0   0   0
 186 12.26 12.16 10.47 10.43  8.88  7.80   0   0   0   0   0   0
 187 12.18 11.62 10.55  9.30 999.0 999.0   0   0   0   0   1 999
 188 12.16 11.27  9.85  8.62  7.91  6.58   0   0   0   0   0   0
 189 12.14 11.26  9.83 999.0 999.0 999.0   0   0   0   1 999 999
 190 11.25 10.72  9.89  8.05  7.89  5.61   0   0   0   0   0   0
 191 11.71 10.50  9.94  8.25  8.47  6.23   0   0   0   0   0   0
 192 11.25 11.27 10.44  9.73 999.0 999.0   0   0   0   0   1 999
 193 12.16 12.14 10.51  9.08 999.0 999.0   0   0   0   0   1 999
 194 11.44 11.00 11.09  8.97  7.96  5.81   0   0   0   0   0   0
 195 11.95  9.76  8.48  5.50  3.87  2.20   0   0   0   0   0   0
 196 11.39 10.57  9.71  8.03  6.30  5.63   0   0   0   0   0   0
 197 11.10 10.96 10.03  9.70  8.04  6.83   0   0   0   0   0   0
 198 10.64 10.58 10.72  8.35  8.95  5.93   0   0   0   0   0   0
 199 11.83  9.35  9.72 999.0 999.0 999.0   0   0   0   1 999 999
 200 12.18  9.94  9.97  7.74  6.25  4.28   0   0   0   0   0   0
 201 12.51 10.55 10.26  9.20  8.32  7.96   0   0   0   0   0   0
 202 11.41 11.25 10.12  7.80  7.00  6.67   0   0   0   0   0   0
 203 12.58 12.97 11.64  9.77 10.11  9.20   0   0   0   0   0   0
 204 12.58 11.03  9.52  9.08  7.69  6.76   0   0   0   0   0   0
 205 13.02 12.02  9.60  9.45  8.55  6.92   0   0   0   0   0   0
 206 11.96  9.34  8.96  8.04  6.51  5.86   0   0   0   0   0   0
 207 12.29 11.38 11.25  9.13  9.65  8.53   0   0   0   0   0   0
 208 11.95  9.79  9.93  7.48  8.27  6.07   0   0   0   0   0   0
 209 11.96 10.59  8.12  7.30  6.66  5.09   0   0   0   0   0   0
 210 11.68 11.76  9.31  8.73  8.44  7.16   0   0   0   0   0   0
 211 12.20 12.13  9.07  8.67  7.31  6.88   0   0   0   0   0   0
 212 11.56  9.72  9.88  8.45  6.97  6.32   0   0   0   0   0   0
 213 11.08 11.01  9.22  8.24  7.49  7.27   0   0   0   0   0   0
 214 11.40  9.91  9.33  9.46  8.28  7.19   0   0   0   0   0   0
 215 13.00 10.63  8.74  7.72  7.49  5.28   0   0   0   0   0   0
 216 12.73 999.0 999.0 999.0 999.0 999.0   0   1 999 999 999 999
 217 12.53 11.18 10.61  9.33  8.69  7.24   0   0   0   0   0   0
 218 11.19  9.96 10.29  8.17  7.32  5.39   0   0   0   0   0   0
 219 12.37 11.35 11.00 10.81 10.02 999.0   0   0   0   0   0   1
 220 11.35 11.12 10.55  8.48  8.02  7.71   0   0   0   0   0   0
 221 11.60  9.94  9.01  8.47  7.23  6.60   0   0   0   0   0   0
 222 11.09 10.74  9.70  8.81 999.0 999.0   0   0   0   0   1 999
 223 12.21  9.49  7.02  7.20  5.08  3.39   0   0   0   0   0   0
 224 12.01 11.00  9.14  9.24  6.82  8.72   0   0   0   0   0   0
 225 10.46 10.70  9.92  7.92  6.97  6.12   0   0   0   0   0   0
 226 12.55 11.85  9.23  7.08  6.80  4.91   0   0   0   0   0   0
 227 12.68 10.95 10.56  8.43  8.00  5.31   0   0   0   0   0   0
 228 11.69 10.92 10.19  9.49  7.52  8.09   0   0   0   0   0   0
 229 12.37  9.19  9.35  8.28  7.15  6.27   0   0   0   0   0   0
 230 12.35 11.39  9.51  8.29  8.73  7.43   0   0   0   0   0   0
 231 12.13 10.53 11.35 10.20  9.09  7.34   0   0   0   0   0   0
 232 11.60  9.46  7.80  6.73  5.23  2.81   0   0   0   0   0   0
 233 12.21 11.14 10.51  9.83  8.70  9.62   0   0   0   0   0   0
 234 10.87 11.68 11.47 10.62  9.10  9.33   0   0   0   0   0   0
 235 12.27 11.47 999.0 999.0 999.0 999.0   0   0   1 999 999 999
 236 12.32 11.44 10.85 11.12 10.37 999.0   0   0   0   0   0   1
 237 12.07 11.82 11.45 10.15 10.14 999.0   0   0   0   0   0   1
 238 10.38 10.92  9.92  9.84  8.21  6.83   0   0   0   0   0   0
 239 10.46 10.11  8.11  8.78  5.72  5.61   0   0   0   0   0   0
 240 12.61 12.52 10.21  9.66  9.49  6.93   0   0   0   0   0   0
 241 11.36 11.42 11.02  9.84  8.80  8.82   0   0   0   0   0   0
 242 11.66 12.36 10.87 10.42  8.92  8.09   0   0   0   0   0   0
 243 12.70 12.07 11.25 10.33  8.70  7.77   0   0   0   0   0   0
 244 12.41 12.23 11.37  8.17  8.34  7.35   0   0   0   0   0   0
 245 11.97 11.11 11.39 999.0 999.0 999.0   0   0   0   1 999 999
 246 13.47 12.00 10.87  9.72  8.81  7.67   0   0   0   0   0   0
 247 12.38 11.85  9.12  9.31  8.88  7.24   0   0   0   0   0   0
 248 11.24  9.89  9.11  7.06  6.14  6.26   0   0   0   0   0   0
 249 11.62 10.76 10.15  8.08  7.87  5.43   0   0   0   0   0   0
 250 11.72 10.29 11.40  8.75  9.23  8.72   0   0   0   0   0   0
 251 11.89 11.70 10.48 999.0 999.0 999.0   0   0   0   1 999 999
 252 11.67 10.63  8.17  8.47  8.38  5.72   0   0   0   0   0   0
 253 11.83 11.25  8.92  9.19  7.98  6.41   0   0   0   0   0   0
 254 13.98 11.64  9.70  8.31  7.35 999.0   0   0   0   0   0   1
 255 12.95 11.98 10.54  9.31  8.49  6.29   0   0   0   0   0   0
 256 11.54 11.02 10.10 10.00 999.0 999.0   0   0   0   0   1 999
 257 12.55 10.68  9.63  6.93  6.30 999.0   0   0   0   0   0   1
 258 12.78 999.0 999.0 999.0 999.0 999.0   0   1 999 999 999 999
 259 12.46 11.50 10.22 10.76 999.0 999.0   0   0   0   0   1 999
 260 12.28 11.24  9.54  8.94  9.06  7.83   0   0   0   0   0   0
 261 10.52 12.10 10.24 10.27  7.77  6.13   0   0   0   0   0   0
 262 12.71 10.77 10.66  7.72  6.54  5.43   0   0   0   0   0   0
 263 14.18 13.91 999.0 999.0 999.0 999.0   0   0   1 999 999 999
 264 12.13 10.52  9.51  8.57  8.20  5.65   0   0   0   0   0   0
 265 13.09 11.24  8.72  6.51  7.19  6.17   0   0   0   0   0   0
 266 11.52 11.03 10.02  8.32  7.29 999.0   0   0   0   0   0   1
 267 11.25 10.89  9.58  9.53  8.95 999.0   0   0   0   0   0   1
 268 11.43 10.08  8.71 999.0 999.0 999.0   0   0   0   1 999 999
 269 12.66 11.47 13.10  9.30  9.41 999.0   0   0   0   0   0   1
 270 11.96 999.0 999.0 999.0 999.0 999.0   0   1 999 999 999 999
 271 11.05 10.77  9.71  8.53  6.83  5.73   0   0   0   0   0   0
 272 11.92  9.66  9.97  8.79  7.33  6.61   0   0   0   0   0   0
 273 11.25 10.51 10.38 999.0 999.0 999.0   0   0   0   1 999 999
 274 13.12 12.49 11.95 10.77 10.46 999.0   0   0   0   0   0   1
 275 10.55 11.61 10.75  8.49  7.41  8.25   0   0   0   0   0   0
 276 11.92  9.45  9.64  9.18  8.33  6.24   0   0   0   0   0   0
 277 13.95 11.67 999.0 999.0 999.0 999.0   0   0   1 999 999 999
 278 12.33  9.63  9.32  8.62  7.86  3.75   0   0   0   0   0   0
 279 12.75 12.47 10.79 11.23 11.64 999.0   0   0   0   0   0   1
 280 11.67 12.12  9.77  7.56  6.90  5.68   0   0   0   0   0   0
 281 12.08 10.74 10.92  8.32  7.14  6.41   0   0   0   0   0   0
 282 10.32 10.02  9.46  8.21  7.87  6.79   0   0   0   0   0   0
 283 12.15 11.36  9.09  8.23  5.75  4.00   0   0   0   0   0   0
 284 12.13 10.70 999.0 999.0 999.0 999.0   0   0   1 999 999 999
 285 12.95 11.64 11.54  8.23  9.13 999.0   0   0   0   0   0   1
 286 12.87 10.42 10.21  9.95  9.79  8.66   0   0   0   0   0   0
 287 10.94  9.67  8.56  7.03  6.11  5.26   0   0   0   0   0   0
 288 11.44  9.70  8.39  6.44  5.64  3.10   0   0   0   0   0   0
 289 12.15 10.29  9.54  8.10  7.23  6.17   0   0   0   0   0   0
 290 11.56 12.06  9.53  8.79  7.85  7.07   0   0   0   0   0   0
 291 11.60 12.84 10.48 10.19  8.66  6.57   0   0   0   0   0   0
 292 11.15  9.94 10.29 999.0 999.0 999.0   0   0   0   1 999 999
 293 12.37 12.37 10.74 11.93 999.0 999.0   0   0   0   0   1 999
 294 12.37  9.71 10.34  8.57  8.52  7.51   0   0   0   0   0   0
 295 11.47 10.53  9.65  8.37  5.92  4.69   0   0   0   0   0   0
 296 11.91 12.11 11.39  9.28  8.44  7.15   0   0   0   0   0   0
 297 10.29 10.58 10.27 999.0 999.0 999.0   0   0   0   1 999 999
 298 11.80 11.46 10.95  9.21  8.56  8.10   0   0   0   0   0   0
 299 12.68 11.32 11.30 999.0 999.0 999.0   0   0   0   1 999 999
 300 11.66 11.09 11.74 11.00 10.84  9.28   0   0   0   0   0   0
 301 12.04 13.15 10.71  8.35  8.10  6.87   0   0   0   0   0   0
 302 10.24 10.70 10.57  8.91  6.84  5.96   0   0   0   0   0   0
 303 11.52 10.98  9.20  8.32  6.12  6.03   0   0   0   0   0   0
 304 12.31 10.56  7.10  5.90  3.86  3.57   0   0   0   0   0   0
 305 12.68 12.62 10.96  9.65 11.14  8.78   0   0   0   0   0   0
 306 11.59 12.09 11.56  9.94 10.00  9.34   0   0   0   0   0   0
 307 13.13 12.92 10.91 10.73 10.16 999.0   0   0   0   0   0   1
 308 10.44 10.10  9.82  9.73 10.00 999.0   0   0   0   0   0   1
 309 11.74 11.45 11.69 999.0 999.0 999.0   0   0   0   1 999 999
 310 13.06 11.24 10.37  8.73  8.19 999.0   0   0   0   0   0   1
 311 11.12  9.88  9.31  8.31  6.74  5.04   0   0   0   0   0   0
 312 11.45  9.24  8.25  8.44  6.33  4.26   0   0   0   0   0   0
 313 12.99 12.43 11.61 11.90 11.11 10.45   0   0   0   0   0   0
 314 12.84 11.69  9.98  9.73 999.0 999.0   0   0   0   0   1 999
 315 12.45 10.69  9.37  8.06  6.85 999.0   0   0   0   0   0   1
 316 13.36 11.06 11.03 11.22 11.07 10.06   0   0   0   0   0   0
 317 11.15 11.78  9.38  7.44  6.68  4.30   0   0   0   0   0   0
 318 12.59 10.76 999.0 999.0 999.0 999.0   0   0   1 999 999 999
 319 12.46 10.99  9.09  7.86  8.25  7.05   0   0   0   0   0   0
 320 10.92  8.72  8.71  6.68  5.79  5.12   0   0   0   0   0   0
 321 11.73  9.54 10.06 10.08  8.94 999.0   0   0   0   0   0   1
 322 12.03 10.92  8.96  9.36  7.76  8.80   0   0   0   0   0   0
 323 11.57 10.11 10.86 10.25  9.31  7.40   0   0   0   0   0   0
 324 12.95 10.11 10.10  9.09  8.30  8.08   0   0   0   0   0   0
 325 13.04 11.08  9.65  9.76 999.0 999.0   0   0   0   0   1 999
 326 11.13 11.01 10.36  8.27  8.52  6.95   0   0   0   0   0   0
 327 12.52 12.50 10.64 999.0 999.0 999.0   0   0   0   1 999 999
 328 11.92  9.75  9.59  8.95  9.35  7.40   0   0   0   0   0   0
 329 12.41 999.0 999.0 999.0 999.0 999.0   0   1 999 999 999 999
 330 11.64  9.48  9.89 999.0 999.0 999.0   0   0   0   1 999 999
 331 11.69  9.31  8.78  6.07  5.70  3.11   0   0   0   0   0   0
 332 11.69 12.03 999.0 999.0 999.0 999.0   0   0   1 999 999 999
 333 11.64  9.87  8.82  6.82  5.13  4.57   0   0   0   0   0   0
 334 12.98 12.17 12.20 999.0 999.0 999.0   0   0   0   1 999 999
 335 11.69 12.16  9.68  9.45  7.71  6.41   0   0   0   0   0   0
 336 11.97 11.01  9.97  8.93  8.97  7.61   0   0   0   0   0   0
 337 11.32 10.19  9.39  8.58  6.81 999.0   0   0   0   0   0   1
 338 13.30 11.67 11.35  8.94 999.0 999.0   0   0   0   0   1 999
 339 11.86 11.95 999.0 999.0 999.0 999.0   0   0   1 999 999 999
 340 12.40  9.81 11.49  9.98  8.28  6.65   0   0   0   0   0   0
 341 12.07 10.98 10.04  8.39  8.40  6.48   0   0   0   0   0   0
 342 10.84 11.50  8.64  7.26  6.39  5.04   0   0   0   0   0   0
 343 11.48 10.67  8.70  8.29  5.22  3.84   0   0   0   0   0   0
 344 12.53 11.08 10.40  9.58  7.99  7.46   0   0   0   0   0   0
 345 11.39 11.84 10.14  9.26  8.29 999.0   0   0   0   0   0   1
 346 12.17 10.04  8.82  8.23  8.38  5.54   0   0   0   0   0   0
 347 12.67 10.38 10.40  8.47  7.33  6.02   0   0   0   0   0   0
 348 11.05 11.58  9.56  9.68  8.68  7.09   0   0   0   0   0   0
 349 11.68 11.00 10.06  8.10  7.10  4.90   0   0   0   0   0   0
 350 12.82 11.38 11.11 10.12  9.12 999.0   0   0   0   0   0   1
 351 11.48 10.01  8.73  9.35  7.23  5.22   0   0   0   0   0   0
 352 12.88 12.31 10.64 999.0 999.0 999.0   0   0   0   1 999 999
 353 12.07 11.93 10.07  8.96  8.55  7.85   0   0   0   0   0   0
 354 13.09 12.26 10.98  9.11  9.20 10.25   0   0   0   0   0   0
 355 12.73 10.00  7.97  7.33  4.84  3.20   0   0   0   0   0   0
 356 12.31 999.0 999.0 999.0 999.0 999.0   0   1 999 999 999 999
 357 11.30 10.83  9.51  9.79  8.58  6.43   0   0   0   0   0   0
 358 10.62  9.84  8.55  8.64  6.13  4.75   0   0   0   0   0   0
 359 13.33 10.65  9.26  7.96  7.25  5.96   0   0   0   0   0   0
 360 11.28 10.41  8.83  7.86  6.42  4.37   0   0   0   0   0   0
 361 12.20 10.58  8.30  8.53  7.94  6.13   0   0   0   0   0   0
 362 11.54 10.69 10.01  9.11  7.06  6.27   0   0   0   0   0   0
 363 11.26 12.16 11.04 11.14 999.0 999.0   0   0   0   0   1 999
 364 13.04 11.32 10.90  9.53 999.0 999.0   0   0   0   0   1 999
 365 11.38 11.88  9.93  9.59  8.02  7.71   0   0   0   0   0   0
 366 12.75  9.75 10.49  8.86  8.57 999.0   0   0   0   0   0   1
 367 11.09 10.96  9.78  6.84  5.67  5.58   0   0   0   0   0   0
 368 11.05  9.52  7.57  6.20  5.06  3.61   0   0   0   0   0   0
 369 12.57 12.31 11.03  9.18  8.63  8.28   0   0   0   0   0   0
 370 11.58 11.28 10.47 10.83  7.93  8.28   0   0   0   0   0   0
 371 11.61  9.58 10.94 10.14  7.82 999.0   0   0   0   0   0   1
 372 11.23  9.76  8.85  8.19  5.84  5.31   0   0   0   0   0   0
 373 11.61 10.21  9.60  7.62  6.57  4.23   0   0   0   0   0   0
 374 12.94 11.68 12.02  9.49  7.19  8.57   0   0   0   0   0   0
 375 11.34 10.22  9.50  8.17  7.13 999.0   0   0   0   0   0   1
 376 12.57 10.96 11.82  9.90  7.61  8.77   0   0   0   0   0   0
 377 11.75  9.74  8.95  7.46  6.63  6.04   0   0   0   0   0   0
 378 11.99 11.01  8.24  7.75  6.49 999.0   0   0   0   0   0   1
 379 11.79 10.56  9.86  9.62  7.72  9.56   0   0   0   0   0   0
 380 11.48 11.03 10.13  8.31  7.23  5.59   0   0   0   0   0   0
 381 12.60 10.24  9.54  9.29  6.78  6.05   0   0   0   0   0   0
 382 13.20 10.97 11.65 10.20 999.0 999.0   0   0   0   0   1 999
 383 13.23 11.91  9.62 10.33  7.25  7.98   0   0   0   0   0   0
 384 11.10 11.99 10.68  9.11  9.71  7.34   0   0   0   0   0   0
 385 12.34 10.50  9.18  9.90  7.74  5.99   0   0   0   0   0   0
 386 10.63 11.33 10.82  9.56  9.63  9.27   0   0   0   0   0   0
 387 12.89 11.79 11.29 10.16  8.20  6.70   0   0   0   0   0   0
 388 12.76 11.57 11.46  9.47 999.0 999.0   0   0   0   0   1 999
 389 11.99 10.42  8.68  8.28  5.95 999.0   0   0   0   0   0   1
 390 12.51 11.96  9.84  9.09  8.27  6.30   0   0   0   0   0   0
 391 12.18 999.0 999.0 999.0 999.0 999.0   0   1 999 999 999 999
 392 11.99 11.55  8.82  7.92  5.76  6.25   0   0   0   0   0   0
 393 13.06 12.39 11.20  9.90  9.24  8.27   0   0   0   0   0   0
 394 11.82 10.44  9.91  8.59  7.66  8.17   0   0   0   0   0   0
 395 13.49 11.22  9.39  7.38  6.83  5.28   0   0   0   0   0   0
 396 12.67 11.71 10.14  8.60  7.61  6.96   0   0   0   0   0   0
 397 11.47 11.16 11.53 10.42  8.56  8.54   0   0   0   0   0   0
 398 12.72 12.02 10.29  9.73  9.78  8.41   0   0   0   0   0   0
 399 13.02 10.96  9.82  8.96  7.91  7.02   0   0   0   0   0   0
 400 12.16 10.38  8.82  7.52  8.27  6.01   0   0   0   0   0   0
 401 12.25 10.35  9.15  8.99  6.84  4.82   0   0   0   0   0   0
 402 11.61 10.30  8.89  6.64  5.31  4.29   0   0   0   0   0   0
 403 11.36  9.60  9.75  7.54  7.69  5.33   0   0   0   0   0   0
 404 12.75 11.63 10.82  9.72 10.20  9.58   0   0   0   0   0   0
 405 11.86  9.81  7.98  7.49  6.01  5.87   0   0   0   0   0   0
 406 11.01 10.76  9.70  8.05  8.14  7.67   0   0   0   0   0   0
 407 11.03 10.61 10.58  9.10  7.02  6.86   0   0   0   0   0   0
 408 13.36 11.29 10.65  9.38 10.20  7.93   0   0   0   0   0   0
 409 11.03 11.67 10.53  9.70  7.76  5.29   0   0   0   0   0   0
 410 11.98 10.08  9.64  7.32  7.10  4.82   0   0   0   0   0   0
 411 11.87 10.98 11.53  9.61  8.91  8.71   0   0   0   0   0   0
 412 12.20 10.69  9.35  7.87 999.0 999.0   0   0   0   0   1 999
 413 11.74 10.44  9.23  6.86  7.31  4.90   0   0   0   0   0   0
 414 13.25 10.05  9.56  7.56  7.42  5.61   0   0   0   0   0   0
 415 11.73 10.50 10.71 10.28 999.0 999.0   0   0   0   0   1 999
 416 11.31  9.08  8.40  7.78  5.76  5.22   0   0   0   0   0   0
 417 12.38 10.29 10.03  8.96  5.90  5.11   0   0   0   0   0   0
 418 11.90 10.71  9.28  8.40  6.04  6.95   0   0   0   0   0   0
 419 12.28 11.15  9.97  9.34  7.40  7.47   0   0   0   0   0   0
 420 12.47 11.73 10.25  9.41 999.0 999.0   0   0   0   0   1 999
 421 11.72 10.58  8.30  7.51  5.88  4.72   0   0   0   0   0   0
 422 11.60 11.58  8.98  9.71  7.35  7.49   0   0   0   0   0   0
 423 12.46 11.47  9.01  9.05  8.26  7.70   0   0   0   0   0   0
 424 13.33 11.36  9.78  8.12  8.72  8.83   0   0   0   0   0   0
 425 11.39 11.81 10.45 11.03  9.83 999.0   0   0   0   0   0   1
 426 10.65 11.45 10.68 10.29  9.52 10.14   0   0   0   0   0   0
 427 13.12 11.17 10.87  9.07  8.04  7.12   0   0   0   0   0   0
 428 11.14 10.99  9.58  8.77  5.17  6.45   0   0   0   0   0   0
 429 12.96 11.25  9.58  7.97  8.06  7.68   0   0   0   0   0   0
 430 11.32 999.0 999.0 999.0 999.0 999.0   0   1 999 999 999 999
 431 12.22 12.52  9.80  9.36 999.0 999.0   0   0   0   0   1 999
 432 12.25 12.32 10.23  9.54 999.0 999.0   0   0   0   0   1 999
 433 10.56  9.74  9.86  7.91  5.30  4.46   0   0   0   0   0   0
 434 12.27 11.02  9.19  8.13  6.46 999.0   0   0   0   0   0   1
 435 11.96 12.02 10.36  8.09  7.79  6.59   0   0   0   0   0   0
 436 11.37 10.13 10.41  7.75  8.43  6.77   0   0   0   0   0   0
 437 12.38  9.41  8.79  7.28  4.67  4.67   0   0   0   0   0   0
 438 12.71 10.84  9.58  9.03  7.36 999.0   0   0   0   0   0   1
 439 12.28  9.80 11.56  8.60  8.48 999.0   0   0   0   0   0   1
 440 12.13 10.94 10.85  9.82  8.33  5.46   0   0   0   0   0   0
 441 11.99 11.58 10.79 10.44  9.05  9.61   0   0   0   0   0   0
 442 11.79  9.65 10.21  9.12  8.16 999.0   0   0   0   0   0   1
 443 12.96 10.89  9.80  7.94  7.58  5.37   0   0   0   0   0   0
 444 11.60  9.62  9.58  8.35  7.60  6.41   0   0   0   0   0   0
 445 13.35 10.29  8.96  8.64  5.69  3.48   0   0   0   0   0   0
 446 11.72 11.29 11.31  9.48  9.88 999.0   0   0   0   0   0   1
 447 13.44 11.26 10.73  9.59  8.89 999.0   0   0   0   0   0   1
 448 12.55 11.61 10.95  7.90 999.0 999.0   0   0   0   0   1 999
 449 12.01 11.18 11.31 10.74  9.05  8.04   0   0   0   0   0   0
 450 12.25 11.90  9.10 10.51  9.05  9.80   0   0   0   0   0   0
 451 10.66 10.12  7.89  7.39  5.66  3.94   0   0   0   0   0   0
 452 10.88 10.93  8.36  7.73  7.38  5.26   0   0   0   0   0   0
 453 12.35  8.64  8.69  8.52  7.87  6.00   0   0   0   0   0   0
 454 12.24 10.58  9.66  8.73  7.15  7.48   0   0   0   0   0   0
 455 12.82 11.25 999.0 999.0 999.0 999.0   0   0   1 999 999 999
 456 11.10 12.19 10.11  9.68  8.00  6.53   0   0   0   0   0   0
 457 13.05 11.55  9.98  8.61  7.49  6.53   0   0   0   0   0   0
 458 10.89 10.40  9.46  8.58  7.54  7.58   0   0   0   0   0   0
 459 10.85 11.35  9.23  8.62  8.81  7.16   0   0   0   0   0   0
 460 11.85 11.21  9.88  9.58  9.27  7.51   0   0   0   0   0   0
 461 10.96  9.94  7.52  8.12 999.0 999.0   0   0   0   0   1 999
 462 10.98 10.28 10.54  7.36  6.69  8.42   0   0   0   0   0   0
 463 10.39  9.41  6.90  6.32  5.45  4.27   0   0   0   0   0   0
 464 12.58 10.42  9.01  9.01  7.47  6.83   0   0   0   0   0   0
 465 10.01  8.95  9.02  7.20  6.44  5.89   0   0   0   0   0   0
 466 10.93 10.43 10.78  9.78  8.31  6.79   0   0   0   0   0   0
 467 11.75 11.12 11.03  9.44  7.84  6.87   0   0   0   0   0   0
 468  9.87  9.92  8.88  6.95  6.95  6.55   0   0   0   0   0   0
 469 12.38 11.71  8.72  7.58  6.13  4.16   0   0   0   0   0   0
 470 12.32  9.95 11.33 11.21 999.0 999.0   0   0   0   0   1 999
 471 12.92 10.12 10.38  8.97  7.45  7.92   0   0   0   0   0   0
 472 11.42 999.0 999.0 999.0 999.0 999.0   0   1 999 999 999 999
 473 12.53 10.94 11.14 10.16  8.60  7.70   0   0   0   0   0   0
 474 11.31 10.17  9.88 10.64  8.94  7.36   0   0   0   0   0   0
 475 12.70  9.79  8.09  7.28  4.46  2.53   0   0   0   0   0   0
 476 11.08 11.09  9.80  8.05  7.95 999.0   0   0   0   0   0   1
 477 12.63 10.44 10.09 999.0 999.0 999.0   0   0   0   1 999 999
 478 12.19  9.86 10.30  9.77 999.0 999.0   0   0   0   0   1 999
 479 12.17 10.01 10.85  9.93  7.03  6.82   0   0   0   0   0   0
 480 11.58 10.82 10.98 999.0 999.0 999.0   0   0   0   1 999 999
 481 11.95 12.03  9.85  9.91  9.26  7.86   0   0   0   0   0   0
 482 13.94 11.33 10.56  9.22 999.0 999.0   0   0   0   0   1 999
 483 11.99 10.26 10.27  8.38 999.0 999.0   0   0   0   0   1 999
 484 12.86 11.02 10.77  9.39  6.85  5.97   0   0   0   0   0   0
 485 12.53 11.12 11.12  9.44  9.55  9.80   0   0   0   0   0   0
 486 10.57 10.63  7.83  6.47  6.63  4.44   0   0   0   0   0   0
 487 10.87 11.29  9.90  8.83  6.52  5.48   0   0   0   0   0   0
 488 11.72  9.29  8.77 999.0 999.0 999.0   0   0   0   1 999 999
 489 11.62 11.32  9.80  9.33  8.26  8.29   0   0   0   0   0   0
 490 10.78 10.83  9.70  9.35  8.76  7.02   0   0   0   0   0   0
 491 13.52 11.26 10.04 10.08  7.72  6.87   0   0   0   0   0   0
 492 12.07 10.25  9.51  7.34  5.76  6.60   0   0   0   0   0   0
 493 12.12 11.81  9.46  8.43  8.33 999.0   0   0   0   0   0   1
 494 11.95 11.80  9.69  7.71  8.38  5.29   0   0   0   0   0   0
 495 11.52 12.26 10.65 10.17 999.0 999.0   0   0   0   0   1 999
 496 12.43 11.95 11.04  9.17  6.67  5.17   0   0   0   0   0   0
 497 11.98 10.74 10.67  8.94  7.90  6.61   0   0   0   0   0   0
 498 10.48 11.07  9.26  8.46  6.70  4.77   0   0   0   0   0   0
 499 13.45 10.87 10.67  8.90  7.16  5.44   0   0   0   0   0   0
 500 13.58 11.94 11.26 10.53 999.0 999.0   0   0   0   0   1 999
 501 10.99 11.06  8.21  7.44  8.02  6.05   0   0   0   0   0   0
 502 12.14 10.45 11.58 10.02  8.11  6.80   0   0   0   0   0   0
 503 11.87 11.65 10.34 10.75 11.02 999.0   0   0   0   0   0   1
 504 11.67 11.74 11.30 10.32  9.43  9.20   0   0   0   0   0   0
 505 11.22  9.58  9.77  7.26  6.94  6.41   0   0   0   0   0   0
 506 12.48 11.53 10.08  9.05  7.66  5.96   0   0   0   0   0   0
 507 11.89 999.0 999.0 999.0 999.0 999.0   0   1 999 999 999 999
 508 13.52 10.64  9.67  6.40  4.55  2.20   0   0   0   0   0   0
 509 11.94 10.42 11.66  9.14  8.44  7.46   0   0   0   0   0   0
 510 12.93 10.44  9.09  6.71  7.28  5.23   0   0   0   0   0   0
 511 11.95 11.63 10.03  8.98  8.19  6.53   0   0   0   0   0   0
 512 11.39 10.10  9.05  6.73  6.28  4.10   0   0   0   0   0   0
 513 10.77 10.12  9.73  9.00  7.30  5.98   0   0   0   0   0   0
 514 13.25 999.0 999.0 999.0 999.0 999.0   0   1 999 999 999 999
 515 13.19 12.14 10.47 10.28  8.56  8.25   0   0   0   0   0   0
 516 12.36 10.70 10.28  8.27  9.27 999.0   0   0   0   0   0   1
 517 10.11 999.0 999.0 999.0 999.0 999.0   0   1 999 999 999 999
 518 11.57  9.73  8.93  9.70  6.30  4.73   0   0   0   0   0   0
 519 11.06 12.46 11.97 11.40 10.91  9.92   0   0   0   0   0   0
 520 12.87 11.37  9.91 10.06  7.85  6.24   0   0   0   0   0   0
 521 12.12 11.31  8.46  8.78  6.96  6.42   0   0   0   0   0   0
 522 11.22 10.26  9.79 10.24  9.60 999.0   0   0   0   0   0   1
 523 11.98 10.02 10.04 10.01  9.19  7.88   0   0   0   0   0   0
 524 12.40 10.17  8.86  7.12  6.51  4.12   0   0   0   0   0   0
 525 13.18 11.07  8.84  7.25  7.41  5.58   0   0   0   0   0   0
 526 11.69 11.55  8.87  8.68  7.51  6.74   0   0   0   0   0   0
 527 11.19 11.33  8.15  9.19  6.30  6.14   0   0   0   0   0   0
 528 13.06 11.54 11.02 10.26  9.02 999.0   0   0   0   0   0   1
 529 13.26 12.85 11.76 10.95 10.51  8.26   0   0   0   0   0   0
 530 12.77 11.02  9.14  9.25  7.55  4.14   0   0   0   0   0   0
 531 11.86 10.36  9.64  7.55  5.64  3.94   0   0   0   0   0   0
 532 11.85 12.25 11.03 10.34  9.79 999.0   0   0   0   0   0   1
 533 12.77 12.15 999.0 999.0 999.0 999.0   0   0   1 999 999 999
 534 12.21 11.52 10.29  9.14  7.21  6.33   0   0   0   0   0   0
 535 10.96 10.77  7.83  6.41  4.56  3.14   0   0   0   0   0   0
 536 12.21 12.64 10.98 999.0 999.0 999.0   0   0   0   1 999 999
 537 11.36 11.01 10.09  9.54  9.34  7.74   0   0   0   0   0   0
 538 12.71 10.07 10.12  7.39  6.69  5.90   0   0   0   0   0   0
 539 12.76 12.15 10.14  8.31  6.80  5.21   0   0   0   0   0   0
 540 12.02 10.39  9.20  8.16  6.42  5.77   0   0   0   0   0   0
 541 11.94 11.58  9.60  8.48  8.26  5.97   0   0   0   0   0   0
 542 14.39 11.84 10.67  8.86  8.18  8.18   0   0   0   0   0   0
 543 13.72 10.65 11.44  9.87  9.22 999.0   0   0   0   0   0   1
 544 11.25 10.55  9.33  8.60  8.10  7.35   0   0   0   0   0   0
 545 11.99 11.00 10.34  9.17  8.89  7.14   0   0   0   0   0   0
 546 11.12 10.04  9.67  8.44  7.12  6.58   0   0   0   0   0   0
 547 11.83 11.38  8.90  9.12  8.20  6.47   0   0   0   0   0   0
 548 11.79 10.62 10.89 11.24 999.0 999.0   0   0   0   0   1 999
 549 13.10 10.90  9.62  9.03  7.56  6.12   0   0   0   0   0   0
 550 12.35 12.51  9.70  9.47 999.0 999.0   0   0   0   0   1 999
 551 12.00 12.32 11.28  9.05  8.74  7.86   0   0   0   0   0   0
 552 12.05 11.49 10.91  9.70 999.0 999.0   0   0   0   0   1 999
 553 11.21 11.19 10.41  7.90  7.88  5.13   0   0   0   0   0   0
 554 10.91 11.10 11.42 10.93  9.03  8.84   0   0   0   0   0   0
 555 11.33  9.72  9.51  8.35  8.10 999.0   0   0   0   0   0   1
 556 12.21 11.18 10.70  9.87  7.87  7.27   0   0   0   0   0   0
 557 12.15 11.47  9.99 10.35  8.04  6.91   0   0   0   0   0   0
 558 11.98 10.77 10.27 11.39  8.11  7.75   0   0   0   0   0   0
 559 12.38 12.12 10.38  9.75  8.76  7.82   0   0   0   0   0   0
 560 11.31 10.74  9.75  9.06  8.57 999.0   0   0   0   0   0   1
 561 10.97 999.0 999.0 999.0 999.0 999.0   0   1 999 999 999 999
 562 11.48 999.0 999.0 999.0 999.0 999.0   0   1 999 999 999 999
 563 12.03 10.60 10.31  8.49  8.05  7.20   0   0   0   0   0   0
 564 11.04 11.05  9.41  7.38  7.41  5.26   0   0   0   0   0   0
 565 11.05 11.34 12.37  9.46  9.22  7.52   0   0   0   0   0   0
 566 11.63 11.92 11.38  9.90  8.64  7.25   0   0   0   0   0   0
 567 11.33 11.27 11.23 10.15  8.80  8.85   0   0   0   0   0   0
 568 11.54 11.10 10.05  7.60  5.96  5.36   0   0   0   0   0   0
 569 12.23 11.78 10.24  8.65  9.12  7.81   0   0   0   0   0   0
 570 12.52 11.00  9.66  8.78  7.59  7.53   0   0   0   0   0   0
 571 11.86 12.03  9.54  9.54 999.0 999.0   0   0   0   0   1 999
 572 11.83 11.13  8.73  9.46  8.89  9.17   0   0   0   0   0   0
 573 11.43 11.79 11.86 10.03 10.35  9.89   0   0   0   0   0   0
 574 12.69 11.95 10.91  8.75  9.55  6.04   0   0   0   0   0   0
 575 12.75 10.77  8.70  8.00 999.0 999.0   0   0   0   0   1 999
 576 12.26 11.14 11.03 10.29  9.70  9.21   0   0   0   0   0   0
 577 11.39 11.77  9.20  7.78  5.70  7.48   0   0   0   0   0   0
 578 11.93 999.0 999.0 999.0 999.0 999.0   0   1 999 999 999 999
 579 11.33 11.88  9.04  7.86  8.03  5.91   0   0   0   0   0   0
 580 11.90 10.67  8.64  7.43  6.82  5.72   0   0   0   0   0   0
 581 11.85 10.63 10.72  8.84 999.0 999.0   0   0   0   0   1 999
 582 11.13 10.86  8.41  7.04  6.51  5.32   0   0   0   0   0   0
 583 11.89 10.04 10.33  9.11  8.88  7.70   0   0   0   0   0   0
 584 12.23  9.70  8.25  8.78  6.83  5.14   0   0   0   0   0   0
 585 11.30 11.48  8.85  9.34  6.46  6.28   0   0   0   0   0   0
 586 11.63 999.0 999.0 999.0 999.0 999.0   0   1 999 999 999 999
 587 11.22 10.48  9.68  8.37  6.80  5.88   0   0   0   0   0   0
 588 11.14  9.37  8.26  8.14  5.28  4.24   0   0   0   0   0   0
 589 11.20  9.62  8.68  7.62  5.72  2.75   0   0   0   0   0   0
 590 11.94 11.24  9.68  9.85  7.13  5.78   0   0   0   0   0   0
 591 11.73 11.12 11.28 10.41 999.0 999.0   0   0   0   0   1 999
 592 11.19  9.77  8.16  6.86  5.67  5.37   0   0   0   0   0   0
 593 11.72 11.21  9.62  9.13  8.78  5.85   0   0   0   0   0   0
 594 12.15 10.89 10.68 10.12 999.0 999.0   0   0   0   0   1 999
 595 12.23 10.50 10.39  8.82  6.39  5.16   0   0   0   0   0   0
 596 12.57 10.84  9.10  7.90  7.32  6.52   0   0   0   0   0   0
 597 13.38 10.54  9.85  8.72  6.55  5.10   0   0   0   0   0   0
 598 10.90 10.54 10.77 10.51  7.47 999.0   0   0   0   0   0   1
 599 10.72 10.11  9.79  9.92  8.62  6.95   0   0   0   0   0   0
 600 13.09 11.28  9.42  9.14  7.52  6.59   0   0   0   0   0   0
 601 12.13 11.97  9.68  8.53  7.20  5.42   0   0   0   0   0   0
 602 11.92  9.52 10.66  8.56  7.47 999.0   0   0   0   0   0   1
 603 11.00  9.46 999.0 999.0 999.0 999.0   0   0   1 999 999 999
 604 12.57 10.87 10.53  9.26  9.08  7.78   0   0   0   0   0   0
 605 11.68 10.19  9.66  8.40  8.19  7.71   0   0   0   0   0   0
 606 13.37 11.67 11.06 10.11 999.0 999.0   0   0   0   0   1 999
 607 12.82 10.81  9.88  9.83  9.13  6.74   0   0   0   0   0   0
 608 11.27 10.63  8.47  8.27  8.58  5.93   0   0   0   0   0   0
 609 11.81 10.04 10.52  7.77  8.17  7.47   0   0   0   0   0   0
 610 13.38 12.20  9.59  7.68  5.95  5.55   0   0   0   0   0   0
 611 13.13 12.52 12.53 10.09 999.0 999.0   0   0   0   0   1 999
 612 12.19 11.07 10.30 10.50  9.98  8.49   0   0   0   0   0   0
 613 12.72 10.16 10.27  9.14  7.70  5.93   0   0   0   0   0   0
 614 11.72  9.71  9.32  8.57  6.88  6.36   0   0   0   0   0   0
 615 12.17 10.78  9.70  9.05  7.24  6.92   0   0   0   0   0   0
 616 12.63 11.59  9.96  9.14  9.73  9.02   0   0   0   0   0   0
 617 12.40 11.65 10.96 999.0 999.0 999.0   0   0   0   1 999 999
 618 12.36 10.82  9.41  9.42  6.86  5.83   0   0   0   0   0   0
 619 12.09 11.99  7.66  7.63  6.56  5.81   0   0   0   0   0   0
 620 12.67 12.66 10.76 10.89 10.73  9.73   0   0   0   0   0   0
 621 11.14 10.18  9.30  9.22  7.59  8.43   0   0   0   0   0   0
 622 12.47 11.08 10.08 10.55  8.79 999.0   0   0   0   0   0   1
 623 11.25 10.56  9.50  8.91  6.70  6.12   0   0   0   0   0   0
 624 10.35  9.26  6.48  6.37  6.30  4.57   0   0   0   0   0   0
 625 10.20 10.68 11.42  9.37  9.22  7.18   0   0   0   0   0   0
 626 11.46 12.79 10.48 999.0 999.0 999.0   0   0   0   1 999 999
 627 12.85 10.91 12.08 11.75 999.0 999.0   0   0   0   0   1 999
 628 11.76  9.50  9.46  8.48  6.78  6.35   0   0   0   0   0   0
 629 11.97 11.31  9.29 999.0 999.0 999.0   0   0   0   1 999 999
 630 12.21 10.89  9.03 10.13 10.09  8.53   0   0   0   0   0   0
 631 11.41 11.60 11.07  9.67  9.48 999.0   0   0   0   0   0   1
 632 12.26 11.09 10.99 10.12  8.18  6.94   0   0   0   0   0   0
 633 12.42 11.58  8.95  9.89  7.89  6.40   0   0   0   0   0   0
 634 13.67 10.68  9.49  8.14  6.31  5.49   0   0   0   0   0   0
 635 11.59 11.51 10.92 10.65 999.0 999.0   0   0   0   0   1 999
 636 13.04 11.24 10.50  9.59 10.54 999.0   0   0   0   0   0   1
 637 10.92 11.64 999.0 999.0 999.0 999.0   0   0   1 999 999 999
 638 12.39 12.30 11.49  9.15 10.03  8.36   0   0   0   0   0   0
 639 12.21 12.19 11.38  9.62  8.72  8.23   0   0   0   0   0   0
 640 11.60 12.33 10.29  9.34  7.21  6.97   0   0   0   0   0   0
 641 11.80 10.51  9.89  9.11 999.0 999.0   0   0   0   0   1 999
 642 11.75 10.86 10.43  8.95  8.57  6.39   0   0   0   0   0   0
 643 10.66  9.95 10.24  9.14  8.11  6.93   0   0   0   0   0   0
 644 12.35 11.41 10.44  8.07  6.81  7.31   0   0   0   0   0   0
 645 11.39 10.85 10.45  9.69  7.24  6.72   0   0   0   0   0   0
 646 11.85 11.25  9.02  9.36  7.71  6.13   0   0   0   0   0   0
 647 12.63 11.70  8.83  8.27  7.17  5.26   0   0   0   0   0   0
 648 11.57 10.19 10.59  9.91 999.0 999.0   0   0   0   0   1 999
 649 10.79 11.05  9.34  8.61  7.68  5.03   0   0   0   0   0   0
 650 13.13 10.30 10.38  8.58  6.41  5.51   0   0   0   0   0   0
 651 12.48  9.73  9.08  7.80  7.00  5.92   0   0   0   0   0   0
 652 12.30 10.79 10.58  8.03  6.43  5.40   0   0   0   0   0   0
 653 10.80 10.79  9.93 10.54 999.0 999.0   0   0   0   0   1 999
 654 12.39 11.31  9.86 999.0 999.0 999.0   0   0   0   1 999 999
 655 11.91 11.34 999.0 999.0 999.0 999.0   0   0   1 999 999 999
 656 13.50 12.15 11.65  9.39  9.20  9.58   0   0   0   0   0   0
 657 13.10 11.82 10.56  7.43  6.94  5.67   0   0   0   0   0   0
 658 12.82 11.57 10.06  8.65  8.86  6.92   0   0   0   0   0   0
 659 11.38 10.61  9.08  9.34  8.82  6.97   0   0   0   0   0   0
 660 12.48 11.33  9.93  9.77  8.85 999.0   0   0   0   0   0   1
 661 11.49 11.80 11.00  8.12  7.51  6.52   0   0   0   0   0   0
 662 10.94 10.39  8.60  8.07 999.0 999.0   0   0   0   0   1 999
 663 12.11 10.61 10.37  9.81  9.13 999.0   0   0   0   0   0   1
 664 12.62 10.94 10.11  9.03  7.35  8.29   0   0   0   0   0   0
 665 11.27 10.58  9.13  8.84  8.75  7.48   0   0   0   0   0   0
 666 11.69 10.82 10.03  8.63  7.00  6.57   0   0   0   0   0   0
 667 11.71 10.70 10.01  9.69  7.75  8.12   0   0   0   0   0   0
 668 11.61  9.95  9.59  6.31  6.45  4.03   0   0   0   0   0   0
 669 10.82 10.39 10.02  9.56  8.23 999.0   0   0   0   0   0   1
 670 12.64 11.93  9.40  6.35  5.41  3.91   0   0   0   0   0   0
 671 11.59 10.24  9.25  8.62  8.69  8.12   0   0   0   0   0   0
 672 12.40 10.76 11.83 10.69  9.18 999.0   0   0   0   0   0   1
 673 12.69 999.0 999.0 999.0 999.0 999.0   0   1 999 999 999 999
 674 11.12 10.81 11.10  9.77  9.68  8.83   0   0   0   0   0   0
 675 12.45 999.0 999.0 999.0 999.0 999.0   0   1 999 999 999 999
 676 11.87 10.09 11.14 999.0 999.0 999.0   0   0   0   1 999 999
 677 11.98 11.14  8.71  8.27  5.62  4.78   0   0   0   0   0   0
 678 11.76 10.94  9.64  8.36  6.90  7.32   0   0   0   0   0   0
 679 12.15 10.95  9.75  7.92  6.75  4.90   0   0   0   0   0   0
 680 10.77 10.84  9.00  7.39  6.83  6.40   0   0   0   0   0   0
 681 13.08 11.81 11.26 999.0 999.0 999.0   0   0   0   1 999 999
 682 12.01 11.21 10.53 10.11  8.71 999.0   0   0   0   0   0   1
 683 13.10  9.59 10.48  9.42  7.32  6.74   0   0   0   0   0   0
 684 12.81 10.76  9.74  9.27  7.74  7.72   0   0   0   0   0   0
 685 11.80 11.45  9.25  7.88  6.32  4.38   0   0   0   0   0   0
 686 11.60 11.91 10.51  8.62  7.99 999.0   0   0   0   0   0   1
 687 11.14  9.64 10.34  8.15  7.36  6.32   0   0   0   0   0   0
 688 11.70 10.31  9.60  7.94  5.71  4.08   0   0   0   0   0   0
 689 11.05 10.73  8.38  8.34  5.10  4.90   0   0   0   0   0   0
 690 12.33 11.18 11.46  8.98  9.31  8.48   0   0   0   0   0   0
 691 11.16 11.40 10.02  9.45  8.95  6.95   0   0   0   0   0   0
 692 11.64 999.0 999.0 999.0 999.0 999.0   0   1 999 999 999 999
 693 11.22  9.99  9.44  8.16  5.98  6.79   0   0   0   0   0   0
 694 12.39 11.27 10.34  8.81  8.71  7.01   0   0   0   0   0   0
 695 11.56 10.44 10.66  9.30 999.0 999.0   0   0   0   0   1 999
 696 11.13 10.44  9.65  9.09  7.69  7.26   0   0   0   0   0   0
 697 12.26 10.51  9.30  8.28  7.56  6.07   0   0   0   0   0   0
 698 12.05 10.68 10.60  9.96  9.16 999.0   0   0   0   0   0   1
 699 12.91 13.22 12.85 999.0 999.0 999.0   0   0   0   1 999 999
 700 12.63 10.48  8.98  7.89  7.08  3.67   0   0   0   0   0   0
 701 10.88 10.06 10.01  8.61  7.26  6.59   0   0   0   0   0   0
 702 11.51  9.53  9.14  9.97  6.48  5.90   0   0   0   0   0   0
 703 12.38 10.29 10.77 10.31  9.76  9.16   0   0   0   0   0   0
 704 12.03 10.47 11.27 10.31  9.62  7.73   0   0   0   0   0   0
 705 11.93 11.34  9.20  8.62  7.69 999.0   0   0   0   0   0   1
 706 11.61 10.32  8.75  8.70  7.58  5.96   0   0   0   0   0   0
 707 12.98 11.29  8.79  8.75  7.81  6.10   0   0   0   0   0   0
 708 12.02 11.11 10.27  9.32  8.18  7.45   0   0   0   0   0   0
 709 11.08 10.55  9.11  7.88  7.13  4.73   0   0   0   0   0   0
 710 12.54 11.25  9.51  8.84  7.92  5.80   0   0   0   0   0   0
 711 13.02 10.60 10.67  9.82  8.24  7.62   0   0   0   0   0   0
 712 11.11  9.87  8.99  7.97  6.65  5.38   0   0   0   0   0   0
 713 11.00 12.43 11.07 11.17  9.36  8.56   0   0   0   0   0   0
 714 12.18 11.45  9.86  8.27  8.72  8.48   0   0   0   0   0   0
 715 11.29 10.62  9.73  7.55  8.26  5.52   0   0   0   0   0   0
 716 12.43 11.38  9.46  8.93  7.92  5.83   0   0   0   0   0   0
 717 11.56 11.59  9.50  7.07  6.75  6.05   0   0   0   0   0   0
 718 11.48 10.83  8.31  7.92  7.33  6.47   0   0   0   0   0   0
 719 12.32 11.38 11.01  9.98 999.0 999.0   0   0   0   0   1 999
 720 12.11 12.30 10.56 10.62  9.09  7.29   0   0   0   0   0   0
 721 10.67 11.08 10.81  9.82  9.81 999.0   0   0   0   0   0   1
 722 12.05 10.19  9.29  6.85  7.45  6.97   0   0   0   0   0   0
 723 13.05 11.34 10.25  7.66  8.20  6.22   0   0   0   0   0   0
 724 12.74  9.91  8.05  8.40  6.74  6.29   0   0   0   0   0   0
 725 12.15  9.00  6.72  5.67  4.45  1.99   0   0   0   0   0   0
 726 11.91  9.54  8.02  5.93  5.86  4.57   0   0   0   0   0   0
 727 12.04 10.48 10.24 10.19 999.0 999.0   0   0   0   0   1 999
 728 12.77 999.0 999.0 999.0 999.0 999.0   0   1 999 999 999 999
 729 12.77 11.55 11.78 11.54 999.0 999.0   0   0   0   0   1 999
 730 11.30 999.0 999.0 999.0 999.0 999.0   0   1 999 999 999 999
 731 11.25 999.0 999.0 999.0 999.0 999.0   0   1 999 999 999 999
 732 11.47 11.03  9.10 999.0 999.0 999.0   0   0   0   1 999 999
 733 11.21  9.72 11.07  7.58  8.96  7.00   0   0   0   0   0   0
 734 11.81 10.21 10.00 999.0 999.0 999.0   0   0   0   1 999 999
 735 13.22 999.0 999.0 999.0 999.0 999.0   0   1 999 999 999 999
 736 11.47 10.92  9.38  7.11  7.47 999.0   0   0   0   0   0   1
 737 12.02 10.45  8.36  8.27  7.24  5.77   0   0   0   0   0   0
 738 11.74 11.51  9.90  8.83  8.58  8.93   0   0   0   0   0   0
 739 12.45 11.18 999.0 999.0 999.0 999.0   0   0   1 999 999 999
 740 11.25  9.96  9.26  7.50  7.06  5.77   0   0   0   0   0   0
 741 12.15 11.31  9.37  8.25  8.12  6.05   0   0   0   0   0   0
 742  9.94 999.0 999.0 999.0 999.0 999.0   0   1 999 999 999 999
 743 11.32 10.68  9.74  8.03  8.63  8.20   0   0   0   0   0   0
 744 12.07 999.0 999.0 999.0 999.0 999.0   0   1 999 999 999 999
 745 12.33 11.55 12.04 10.17  8.49  8.80   0   0   0   0   0   0
 746 12.43 11.89  9.50 999.0 999.0 999.0   0   0   0   1 999 999
 747 12.66 11.58  9.18  9.91  7.41  7.10   0   0   0   0   0   0
 748 11.74 11.61  9.54  7.13  6.01  4.84   0   0   0   0   0   0
 749 11.94 10.78 10.94 999.0 999.0 999.0   0   0   0   1 999 999
 750 11.12 11.31  9.92  7.93  7.76  6.28   0   0   0   0   0   0
 751 12.89 10.86 10.18  9.43  9.14  6.65   0   0   0   0   0   0
 752 11.02 12.02 11.32  9.41 999.0 999.0   0   0   0   0   1 999
 753  9.92 10.62 999.0 999.0 999.0 999.0   0   0   1 999 999 999
 754 12.16 11.08 10.04  9.39  8.43  7.07   0   0   0   0   0   0
 755 11.54 10.86  9.28  9.09  7.22  6.48   0   0   0   0   0   0
 756 13.02 12.64 13.60 11.45 999.0 999.0   0   0   0   0   1 999
 757 13.11 10.05  9.96  8.80  6.37  6.37   0   0   0   0   0   0
 758 13.65 11.53 11.24 999.0 999.0 999.0   0   0   0   1 999 999
 759 11.56 10.89  8.45  7.03  6.27  5.45   0   0   0   0   0   0
 760 11.60 10.19 10.05  9.53 999.0 999.0   0   0   0   0   1 999
 761 10.58  9.84 10.28  9.39  7.98  8.42   0   0   0   0   0   0
 762 12.79 12.09 10.53 10.02  8.52  8.41   0   0   0   0   0   0
 763 12.36 11.19 10.56  9.38  7.36  7.28   0   0   0   0   0   0
 764 11.56  9.70  9.01  8.31  7.04  6.25   0   0   0   0   0   0
 765 11.53 11.23  9.60 10.10  8.02  7.91   0   0   0   0   0   0
 766 10.20  9.78 10.38  8.98  7.95 999.0   0   0   0   0   0   1
 767 10.86  8.48  8.90  8.33  6.18  4.13   0   0   0   0   0   0
 768 11.78 11.02  9.79  8.06  7.49 999.0   0   0   0   0   0   1
 769 12.38 10.65  8.32  6.95  5.37  2.84   0   0   0   0   0   0
 770 12.64 999.0 999.0 999.0 999.0 999.0   0   1 999 999 999 999
 771 11.48 11.67 10.56  8.78  7.15  7.59   0   0   0   0   0   0
 772 11.31 11.02  9.33  8.35  7.99  6.68   0   0   0   0   0   0
 773 11.17 10.47  8.47  6.62  6.00  4.89   0   0   0   0   0   0
 774 12.46 10.21  8.77  8.16  8.06  6.75   0   0   0   0   0   0
 775 11.62 10.78 12.02  9.83  7.81  8.90   0   0   0   0   0   0
 776 13.64 10.97 10.48  7.63 999.0 999.0   0   0   0   0   1 999
 777 10.80  9.40 999.0 999.0 999.0 999.0   0   0   1 999 999 999
 778 12.83 12.44  9.92 10.87  9.34  8.58   0   0   0   0   0   0
 779 11.51 11.71 10.63 999.0 999.0 999.0   0   0   0   1 999 999
 780 12.25 10.07 10.08  8.56  7.30 999.0   0   0   0   0   0   1
 781 11.36 10.29 10.64 10.41  8.65  8.91   0   0   0   0   0   0
 782 12.78 11.33  9.37  7.47  5.35  3.34   0   0   0   0   0   0
 783 12.13 11.50 10.89 10.48  8.99  8.57   0   0   0   0   0   0
 784 11.83 11.63  9.68  8.89  7.52  6.54   0   0   0   0   0   0
 785 11.55 10.79  8.82  8.30  7.44  6.53   0   0   0   0   0   0
 786 11.39 10.69  9.46  7.98  7.96 999.0   0   0   0   0   0   1
 787 11.80 11.08  9.74  9.04  7.81  7.28   0   0   0   0   0   0
 788 10.94 10.66 10.66  9.27  6.99  6.62   0   0   0   0   0   0
 789 12.43  9.50  9.42  7.02  5.97  5.61   0   0   0   0   0   0
 790 12.03  9.36  8.74  8.65  5.74  5.24   0   0   0   0   0   0
 791 13.22 11.67 10.67  9.49  8.89  7.62   0   0   0   0   0   0
 792 13.95 10.86 11.07 10.29  8.82  6.62   0   0   0   0   0   0
 793 13.23 11.33 999.0 999.0 999.0 999.0   0   0   1 999 999 999
 794 11.20 10.24 10.24  8.42  6.67 999.0   0   0   0   0   0   1
 795 12.12 11.45  9.64  9.75  7.84  7.98   0   0   0   0   0   0
 796 11.47 10.71 11.28 10.74  8.99  6.50   0   0   0   0   0   0
 797 12.76 12.33 10.50  9.66  8.36  7.60   0   0   0   0   0   0
 798 11.70 11.44 10.08 10.83  8.52  6.81   0   0   0   0   0   0
 799 12.30 10.51  8.76  9.96  7.68 999.0   0   0   0   0   0   1
 800 13.13 10.73 10.29  9.38  6.10  6.57   0   0   0   0   0   0
 801 12.41 10.60 10.60 999.0 999.0 999.0   0   0   0   1 999 999
 802 12.73 11.89  9.95  8.55  8.00  6.92   0   0   0   0   0   0
 803 12.42 10.88  9.98  9.03  7.72  7.41   0   0   0   0   0   0
 804 12.62 12.09 10.09 10.04  9.40  8.58   0   0   0   0   0   0
 805 10.82  9.88 10.13  7.60  6.57  4.45   0   0   0   0   0   0
 806 12.01 10.76  9.89  8.50  8.06 999.0   0   0   0   0   0   1
 807 12.20 10.87 10.15 10.34  8.03  8.38   0   0   0   0   0   0
 808 12.24 11.99  9.59  9.58  8.37  7.80   0   0   0   0   0   0
 809 10.76  9.02  7.89  7.94  5.41  3.88   0   0   0   0   0   0
 810 11.81 11.06  9.53  8.36  7.98  6.02   0   0   0   0   0   0
 811 13.11 10.56 10.40  9.90  9.07  8.30   0   0   0   0   0   0
 812 12.30 11.10 11.37  9.64  8.39  7.71   0   0   0   0   0   0
 813 12.22 11.03 10.53  9.46  8.00  7.93   0   0   0   0   0   0
 814 12.58 10.63  8.81  7.53  7.00  5.98   0   0   0   0   0   0
 815 11.35 12.38 10.19  8.67  8.46  6.13   0   0   0   0   0   0
 816 11.52  9.80  8.64  6.89  6.46  4.57   0   0   0   0   0   0
 817 11.29  8.94  9.54  8.55  6.53  4.55   0   0   0   0   0   0
 818 12.67 10.50  8.29  7.59  6.69  5.96   0   0   0   0   0   0
 819 12.51 11.07  9.22  6.83  5.45  3.92   0   0   0   0   0   0
 820 11.73 11.19 11.02  9.29  8.26 999.0   0   0   0   0   0   1
 821 12.04 10.50  9.71  7.49  5.46  3.46   0   0   0   0   0   0
 822 10.43  9.57  9.02  7.83  6.78  5.83   0   0   0   0   0   0
 823 11.83 10.86  9.28  8.16  7.39  6.96   0   0   0   0   0   0
 824 10.73  9.59  9.32  7.16  5.36  4.69   0   0   0   0   0   0
 825 13.17 999.0 999.0 999.0 999.0 999.0   0   1 999 999 999 999
 826 13.21 10.42 10.38  9.98 999.0 999.0   0   0   0   0   1 999
 827 10.90 11.77 11.35 10.04  9.59  9.43   0   0   0   0   0   0
 828 11.23 11.18  9.91  9.37  7.97  6.47   0   0   0   0   0   0
 829 11.99 11.26 11.42 10.37 999.0 999.0   0   0   0   0   1 999
 830 11.71 11.64 10.50 10.37  9.71  8.16   0   0   0   0   0   0
 831 12.64 10.41  8.70  5.58  5.71  4.92   0   0   0   0   0   0
 832 11.06  9.98  7.48  6.40  5.59  4.98   0   0   0   0   0   0
 833 11.02 10.95  9.27  7.59  7.58  6.14   0   0   0   0   0   0
 834 11.35 999.0 999.0 999.0 999.0 999.0   0   1 999 999 999 999
 835 10.71 10.65  8.37  8.05  8.08  6.46   0   0   0   0   0   0
 836 11.86 10.57  8.35  7.49  4.65  2.27   0   0   0   0   0   0
 837 10.80  9.81  8.82  8.07  6.12  6.28   0   0   0   0   0   0
 838 13.49 11.72  9.72  8.69  6.22  5.28   0   0   0   0   0   0
 839 12.81 12.14  9.89  8.89 999.0 999.0   0   0   0   0   1 999
 840 11.64 12.52 11.70 999.0 999.0 999.0   0   0   0   1 999 999
 841 12.45 11.43 999.0 999.0 999.0 999.0   0   0   1 999 999 999
 842 11.78 10.15  8.49  8.51  6.93  6.12   0   0   0   0   0   0
 843 13.14 11.60 10.09  9.14  7.18  6.74   0   0   0   0   0   0
 844 11.46 10.84  9.29  8.27  9.28  6.79   0   0   0   0   0   0
 845 11.59 12.48 999.0 999.0 999.0 999.0   0   0   1 999 999 999
 846 12.59 10.76 10.46  9.70  8.29  6.98   0   0   0   0   0   0
 847 10.96 10.68  8.56  8.59  8.82  5.39   0   0   0   0   0   0
 848 11.21 11.16 11.08 10.49  9.12  7.87   0   0   0   0   0   0
 849 11.48 10.99 10.04  7.91  6.79  4.99   0   0   0   0   0   0
 850 13.14 11.03  9.61  8.56  7.72  7.66   0   0   0   0   0   0
 851 11.71 10.82  8.89  8.13  8.61  7.93   0   0   0   0   0   0
 852 11.81 10.54  8.85  8.47  6.23  6.09   0   0   0   0   0   0
 853 11.69 11.50 11.66  8.97  8.60  6.86   0   0   0   0   0   0
 854 12.61 11.91  9.08  9.64  8.01  7.96   0   0   0   0   0   0
 855 11.76 11.56  9.60  8.85  8.18 999.0   0   0   0   0   0   1
 856 12.49 11.71 10.55  9.91 10.50  9.37   0   0   0   0   0   0
 857 12.49 11.57 11.34  8.47  6.82  6.09   0   0   0   0   0   0
 858 11.90 10.88 10.79  9.56  8.12  7.37   0   0   0   0   0   0
 859 11.46 11.24 10.25 10.14  8.89  9.08   0   0   0   0   0   0
 860 12.06 10.43 10.62 10.62  8.72 999.0   0   0   0   0   0   1
 861 12.34  9.97 10.65  8.97  7.77  7.13   0   0   0   0   0   0
 862 12.00 11.37 10.06 11.06  9.42  8.67   0   0   0   0   0   0
 863 12.51 12.23  9.68  8.73  6.72  5.25   0   0   0   0   0   0
 864 11.10 11.20  9.73 10.09  7.88  7.47   0   0   0   0   0   0
 865 12.82 11.49  9.94  9.18 10.97 999.0   0   0   0   0   0   1
 866 12.22 11.50  8.82  8.50  7.62  5.52   0   0   0   0   0   0
 867 12.24 10.83 10.65  7.06  5.46  3.96   0   0   0   0   0   0
 868 12.44 10.89  8.92  8.80  8.25  5.09   0   0   0   0   0   0
 869 11.57 10.71  9.39  7.76  6.39  5.81   0   0   0   0   0   0
 870 12.51 999.0 999.0 999.0 999.0 999.0   0   1 999 999 999 999
 871 11.75 10.31  9.83  9.06  7.53 999.0   0   0   0   0   0   1
 872 12.80 10.96  9.65  6.80  6.56  5.99   0   0   0   0   0   0
 873 11.61 11.19 11.16 10.83  8.99  9.24   0   0   0   0   0   0
 874 11.89 11.26  9.42  9.28  9.59  8.83   0   0   0   0   0   0
 875 11.04 10.04  8.35  7.31  5.37  4.01   0   0   0   0   0   0
 876 12.03  9.99  9.43  7.90  6.34  5.50   0   0   0   0   0   0
 877 13.11 10.76  9.40  8.27  6.84  6.28   0   0   0   0   0   0
 878 11.64 11.41 10.20  8.99  9.58 999.0   0   0   0   0   0   1
 879 11.77  9.97 10.29  7.85  6.38  5.43   0   0   0   0   0   0
 880 12.11 11.23 11.04 10.82  7.39  5.72   0   0   0   0   0   0
 881 13.03 12.82 12.22 10.76  9.86 999.0   0   0   0   0   0   1
 882 10.60 11.38  9.65  8.60  6.33  4.62   0   0   0   0   0   0
 883 10.73 10.12 999.0 999.0 999.0 999.0   0   0   1 999 999 999
 884 11.23  9.09  8.79  7.87  6.30  5.52   0   0   0   0   0   0
 885 11.93 10.11 10.09 10.12  9.13  9.00   0   0   0   0   0   0
 886 12.21 11.54  9.90  8.66  6.22  4.17   0   0   0   0   0   0
 887 11.24 11.26  9.10  6.95  6.25  3.57   0   0   0   0   0   0
 888 12.30 10.11 10.40  9.34  8.08  6.38   0   0   0   0   0   0
 889 12.61 13.11 10.98 999.0 999.0 999.0   0   0   0   1 999 999
 890 10.51 11.01  9.58  8.03  7.77  6.55   0   0   0   0   0   0
 891 11.47 11.70  9.95  9.49  8.94  9.13   0   0   0   0   0   0
 892 11.80 10.09  9.37  8.64  8.08  6.04   0   0   0   0   0   0
 893 12.92 11.27  9.60  9.41  8.44  7.83   0   0   0   0   0   0
 894 12.33 12.31 11.70 999.0 999.0 999.0   0   0   0   1 999 999
 895 12.84 10.45  8.70  8.38  5.45  4.98   0   0   0   0   0   0
 896 13.03 11.86 11.00  8.26  9.09  8.42   0   0   0   0   0   0
 897 11.30  9.71  9.43  8.30  6.40 999.0   0   0   0   0   0   1
 898 13.59 11.54 10.77  9.38  8.06  7.00   0   0   0   0   0   0
 899 11.83 11.19 11.06  9.94  8.24  8.68   0   0   0   0   0   0
 900 12.69  9.31 10.22 999.0 999.0 999.0   0   0   0   1 999 999
 901 11.18 11.62 999.0 999.0 999.0 999.0   0   0   1 999 999 999
 902 11.35 10.39  9.95  8.40  7.92  6.21   0   0   0   0   0   0
 903 13.00 12.56 10.80 10.96 10.43 999.0   0   0   0   0   0   1
 904 11.84 10.49  9.16  8.22  7.32  3.96   0   0   0   0   0   0
 905 11.14 10.22 10.18  8.25  7.52  6.67   0   0   0   0   0   0
 906 13.91 12.05 10.61  8.27  6.47  5.55   0   0   0   0   0   0
 907 12.95 11.72 10.25 10.71  9.89 999.0   0   0   0   0   0   1
 908 11.27 10.65  9.26  8.92  8.55  7.89   0   0   0   0   0   0
 909 11.70  9.70  9.08  7.15  5.86 999.0   0   0   0   0   0   1
 910 12.70 11.85  8.72  8.60  6.45  5.74   0   0   0   0   0   0
 911 12.46  9.47  9.01  7.91  6.45  5.35   0   0   0   0   0   0
 912 11.62 10.10  8.77  7.02  6.65  4.25   0   0   0   0   0   0
 913 13.60 12.29 999.0 999.0 999.0 999.0   0   0   1 999 999 999
 914 12.42 999.0 999.0 999.0 999.0 999.0   0   1 999 999 999 999
 915 12.43 11.15  9.98  7.06  7.67  8.06   0   0   0   0   0   0
 916 12.51 10.40  8.95  6.78  6.25  4.27   0   0   0   0   0   0
 917 12.35 12.25  9.70  7.71  8.12  5.10   0   0   0   0   0   0
 918 13.02 10.10  9.58  8.12  8.51  6.29   0   0   0   0   0   0
 919 12.86 11.61 10.39  9.51  7.98  5.81   0   0   0   0   0   0
 920 11.48 11.46  9.98  8.26  8.15  7.94   0   0   0   0   0   0
 921 11.96 10.76 10.78 10.68 10.35  9.40   0   0   0   0   0   0
 922 12.72 12.21  9.51  8.20  7.22  5.25   0   0   0   0   0   0
 923 11.65 10.26  9.95  9.90  9.03 999.0   0   0   0   0   0   1
 924 11.85 11.11 11.73 10.94 10.30 999.0   0   0   0   0   0   1
 925 12.65 11.42 11.17  9.53  7.59  6.77   0   0   0   0   0   0
 926 12.53 11.37  9.02  7.39  6.41  4.44   0   0   0   0   0   0
 927 13.52 10.35  8.85  7.26  6.38  4.26   0   0   0   0   0   0
 928 12.14  9.24  8.62  7.36  5.24  4.84   0   0   0   0   0   0
 929 11.14  9.96  9.19  7.65  4.26  3.29   0   0   0   0   0   0
 930 13.51 11.71 10.01  9.90  9.02  7.06   0   0   0   0   0   0
 931 11.85 10.80  8.59  7.94  6.75  7.22   0   0   0   0   0   0
 932 12.94 10.83 10.42 999.0 999.0 999.0   0   0   0   1 999 999
 933 12.04 10.70 10.35  8.35  7.73  6.77   0   0   0   0   0   0
 934 13.16 11.90 12.13 10.74 11.49 999.0   0   0   0   0   0   1
 935 12.90 11.21 10.46  8.91  8.28  5.45   0   0   0   0   0   0
 936 12.13 11.15 10.74  9.88  9.72  7.57   0   0   0   0   0   0
 937 11.58 11.75 10.41  9.30  8.56 999.0   0   0   0   0   0   1
 938 11.37 11.87  8.89 10.26  8.01 999.0   0   0   0   0   0   1
 939 12.28  9.52  8.22  8.32  7.51  5.37   0   0   0   0   0   0
 940 10.15  9.86  9.47  7.77  6.31  5.46   0   0   0   0   0   0
 941 12.88 13.00 10.34 11.44  9.25  8.11   0   0   0   0   0   0
 942 11.01 11.55  9.70  8.53  7.68  6.65   0   0   0   0   0   0
 943 11.54 10.55 10.39  9.79  8.22  6.21   0   0   0   0   0   0
 944 11.85  9.30  8.53  7.06  6.21  4.62   0   0   0   0   0   0
 945 12.06 10.62 10.68  9.67  9.97  8.43   0   0   0   0   0   0
 946 12.01 11.50 10.99  9.09  8.27 999.0   0   0   0   0   0   1
 947 11.03  9.85  9.64  8.53  7.26 999.0   0   0   0   0   0   1
 948 11.45 10.29  8.77  8.01  7.08  6.12   0   0   0   0   0   0
 949 11.80  9.86  7.70  6.13  3.83  3.10   0   0   0   0   0   0
 950 11.50 11.49  8.21  6.95  6.37  4.74   0   0   0   0   0   0
 951 12.41 12.23 10.24  9.05  8.18 999.0   0   0   0   0   0   1
 952 12.44 11.96 999.0 999.0 999.0 999.0   0   0   1 999 999 999
 953 11.59 999.0 999.0 999.0 999.0 999.0   0   1 999 999 999 999
 954 11.37 10.71  8.04  7.99  4.80  4.28   0   0   0   0   0   0
 955 10.90 10.22 11.05  8.83  7.30  6.48   0   0   0   0   0   0
 956 10.65 10.63 10.36 10.22  8.54  6.62   0   0   0   0   0   0
 957 12.69 11.24  9.62  8.52  7.82  5.99   0   0   0   0   0   0
 958 11.43 10.32  7.86  7.14  4.72  2.91   0   0   0   0   0   0
 959 12.22  9.95  9.93  8.11  6.48  5.62   0   0   0   0   0   0
 960 12.38 999.0 999.0 999.0 999.0 999.0   0   1 999 999 999 999
 961 12.22 12.54  9.77  9.11  7.90  7.49   0   0   0   0   0   0
 962 11.74 10.61 10.80 10.13 11.17  8.20   0   0   0   0   0   0
 963 12.25 12.04 10.13  8.85  8.74  6.04   0   0   0   0   0   0
 964 13.23 12.64 11.45  9.13 10.76  8.88   0   0   0   0   0   0
 965 12.14 11.79 11.50  9.97  8.52 10.22   0   0   0   0   0   0
 966 11.85 10.59  9.39  7.47  7.00  5.17   0   0   0   0   0   0
 967 13.00 11.56  9.97  7.20  6.30  3.74   0   0   0   0   0   0
 968 11.63 10.76  8.08  6.96  6.77  2.78   0   0   0   0   0   0
 969 12.16  9.74 999.0 999.0 999.0 999.0   0   0   1 999 999 999
 970 12.56 11.00 10.70 10.64  9.35 999.0   0   0   0   0   0   1
 971 12.00 11.65 10.76 11.24  7.81  5.21   0   0   0   0   0   0
 972 12.24 10.76  9.11  8.31  5.70  4.34   0   0   0   0   0   0
 973 12.22 11.26  9.09  7.75  6.23  4.79   0   0   0   0   0   0
 974 13.48 11.79  9.75  8.80  7.25  4.27   0   0   0   0   0   0
 975 12.89 10.41  8.76  8.52  6.43  3.48   0   0   0   0   0   0
 976 13.12 12.07 11.75 10.04  8.01  7.68   0   0   0   0   0   0
 977 10.60 11.34  8.96  9.37  7.23  5.77   0   0   0   0   0   0
 978 12.48 11.26 999.0 999.0 999.0 999.0   0   0   1 999 999 999
 979 11.33 10.47 10.07  8.15  6.78 999.0   0   0   0   0   0   1
 980 12.23 11.29  8.63  8.11  6.21  5.41   0   0   0   0   0   0
 981 12.23 11.53 10.64  9.14  8.54 999.0   0   0   0   0   0   1
 982 12.12 10.33 10.60  9.68  8.61  7.14   0   0   0   0   0   0
 983 12.01 12.14  9.97  9.28  9.76  8.69   0   0   0   0   0   0
 984 12.54 10.28 10.75 10.86  8.80  8.13   0   0   0   0   0   0
 985 11.47 10.28  8.72  7.07  7.05  3.94   0   0   0   0   0   0
 986 10.94 10.97  9.17  8.31  5.22 999.0   0   0   0   0   0   1
 987 11.44 12.20 10.78  9.78  7.06  7.23   0   0   0   0   0   0
 988 10.89 11.66 999.0 999.0 999.0 999.0   0   0   1 999 999 999
 989 11.53 10.88  9.60  8.11  7.86  6.28   0   0   0   0   0   0
 990 11.84 12.25 11.22 10.28  9.02  9.18   0   0   0   0   0   0
 991 11.97 11.07  9.40  7.91  6.19  5.78   0   0   0   0   0   0
 992 12.61 10.24  8.53  8.36  7.11  6.49   0   0   0   0   0   0
 993 13.04 11.26 10.13  8.72  6.59  6.49   0   0   0   0   0   0
 994 12.77 11.09 999.0 999.0 999.0 999.0   0   0   1 999 999 999
 995 12.67 10.97 10.93  8.72  8.19  6.21   0   0   0   0   0   0
 996 11.96 10.17 10.78  8.66  8.13  8.50   0   0   0   0   0   0
 997 11.99 10.20  9.20  8.43  6.90  5.42   0   0   0   0   0   0
 998 12.79 11.53 10.71 10.31  8.67  8.04   0   0   0   0   0   0
1000 12.36 11.38 11.20  9.56  6.84  7.85   0   0   0   0   0   0
1001 12.96 10.34 10.91  8.31  7.23  5.44   0   0   0   0   0   0